1000 5000
602 857 1
624 884 1
654 891 1
660 701 2
534 965 2
67 311 1
158 182 1
516 749 0
739 913 1
728 783 0
780 790 2
244 379 2
392 452 0
706 943 2
132 259 2
27 345 1
672 931 1
296 487 0
92 306 2
842 875 0
178 242 2
510 798 2
558 731 1
139 485 0
172 487 2
261 368 1
677 747 1
297 341 1
551 603 1
850 987 2
4 15 1
314 417 2
954 986 0
588 896 2
292 323 1
718 955 2
508 859 1
253 339 0
53 272 1
367 439 0
75 377 1
183 363 2
755 948 2
603 848 0
784 843 0
199 266 1
729 865 1
439 484 0
26 457 2
837 984 1
108 456 0
792 851 1
324 335 0
786 884 1
663 903 2
100 407 2
134 454 2
717 952 0
5 301 0
571 828 0
318 458 1
159 368 2
211 458 1
190 297 2
0 472 0
83 362 1
504 759 1
543 828 0
620 744 0
286 326 0
595 873 1
648 813 0
648 681 2
564 933 1
148 452 0
526 685 2
24 232 1
783 854 1
135 284 1
578 926 1
361 485 0
63 339 0
37 409 0
812 948 1
71 458 2
159 212 2
208 267 1
211 316 0
81 86 2
628 883 2
694 973 2
787 902 1
70 293 1
20 368 2
110 142 2
673 720 2
573 899 1
512 836 1
543 618 2
189 202 0
26 31 2
171 363 0
247 451 1
580 585 1
748 898 1
904 939 0
654 769 1
554 941 2
663 714 1
620 822 2
44 140 2
255 431 2
570 962 1
534 634 2
489 496 2
349 394 1
531 981 1
647 801 1
21 379 2
78 96 0
639 884 1
579 695 0
149 310 2
830 953 2
763 798 2
675 931 2
773 790 2
259 323 2
269 361 1
870 893 0
905 975 1
515 669 1
613 938 0
841 868 2
11 180 0
775 882 2
20 449 1
728 914 1
527 657 1
41 458 0
182 470 2
631 972 1
758 948 1
85 355 2
87 135 0
121 387 0
12 499 2
223 335 2
62 285 0
362 370 2
102 480 1
778 979 1
280 471 2
369 382 2
538 928 1
3 171 2
267 471 2
521 957 2
197 398 1
533 647 2
712 900 1
26 160 2
774 913 2
55 182 0
828 981 1
221 333 0
38 413 2
98 267 2
501 742 2
6 414 2
535 576 2
851 931 1
91 413 2
972 981 1
523 989 1
727 789 2
111 334 1
744 919 1
670 904 2
805 997 1
156 186 1
118 350 1
453 480 0
276 397 0
237 285 1
758 866 1
570 852 1
630 838 1
660 881 0
722 919 0
558 949 1
61 69 0
732 844 1
880 890 1
813 860 0
20 286 2
24 371 0
135 143 1
800 998 1
565 929 2
88 227 2
296 489 1
547 552 1
140 315 2
35 175 2
135 214 1
547 908 1
298 397 2
779 904 1
252 486 1
121 475 1
618 854 2
526 595 2
571 628 0
1 256 2
336 423 2
103 457 1
687 841 0
12 358 2
411 497 2
708 809 0
183 351 2
606 713 2
132 386 0
275 482 2
255 332 0
603 700 2
548 769 0
669 942 1
682 925 0
900 903 1
369 482 2
866 943 0
604 757 1
140 233 2
651 680 0
542 711 2
233 372 2
333 420 2
928 947 1
262 494 2
26 315 1
640 890 1
53 494 2
768 791 1
75 111 0
230 495 1
26 161 2
576 621 1
800 921 2
24 158 0
615 959 2
226 233 2
149 443 1
525 815 2
687 829 1
535 936 0
181 241 1
572 857 2
668 757 1
819 846 1
32 35 0
683 744 1
587 657 2
178 382 1
642 812 1
712 776 2
243 382 2
301 390 2
31 432 1
504 838 2
700 972 1
184 418 1
630 975 1
654 761 0
563 909 0
65 144 0
165 367 1
377 459 2
247 344 0
761 987 2
67 208 1
548 725 2
804 989 2
610 738 2
111 288 1
99 122 0
156 286 1
106 190 2
147 228 2
600 731 1
461 482 0
207 491 1
81 177 1
532 837 0
191 210 2
346 377 0
110 307 2
937 987 1
603 691 2
520 873 1
91 288 2
515 754 1
347 355 1
524 821 1
135 409 2
89 103 1
691 846 2
262 306 0
600 859 1
38 230 2
359 451 2
624 758 2
56 442 1
892 983 1
822 981 1
585 748 1
426 488 0
505 618 0
690 928 2
507 763 0
107 174 2
33 477 0
109 423 0
70 231 1
578 833 2
663 997 1
168 401 2
808 960 1
96 171 1
731 883 0
618 879 1
4 279 1
251 285 2
648 975 1
500 902 1
58 451 2
617 769 1
133 429 1
667 937 2
595 988 0
168 399 0
589 971 1
923 955 1
662 926 0
137 340 2
641 928 2
84 134 0
704 731 1
500 952 1
876 929 1
674 866 0
582 936 2
181 232 0
181 382 1
72 265 1
747 856 1
555 761 2
801 902 1
61 268 1
621 825 0
586 844 2
558 668 1
142 169 2
595 618 0
613 783 1
175 394 2
618 688 1
27 286 0
132 297 2
146 334 2
25 425 1
185 478 1
577 662 0
65 217 2
811 984 2
889 922 0
925 963 1
911 972 1
874 917 2
822 854 1
25 179 2
268 420 2
646 849 1
73 241 0
207 460 1
440 442 2
682 901 1
205 467 1
221 365 0
747 815 2
657 966 1
741 850 1
541 802 0
501 739 0
525 812 1
382 448 0
45 287 0
842 991 1
94 300 0
929 945 2
517 895 1
735 875 1
503 523 1
45 224 0
57 134 1
659 714 0
47 202 2
165 454 0
531 802 1
526 854 1
860 943 1
401 485 1
295 465 2
365 403 2
119 202 2
614 698 1
616 641 1
676 937 2
514 826 2
701 742 2
606 891 1
566 937 1
232 250 0
520 881 0
47 135 2
61 80 2
666 673 0
930 957 2
630 661 2
743 902 1
34 251 0
717 871 0
631 916 2
290 345 1
5 379 2
653 892 1
39 331 2
705 860 1
791 816 2
529 747 1
27 107 2
122 216 2
649 927 0
526 536 0
687 688 1
118 245 0
325 445 0
163 470 0
589 677 1
723 997 1
622 747 1
633 990 0
695 810 0
41 112 0
56 275 2
505 624 2
519 947 1
37 319 1
303 358 1
921 955 1
51 459 1
154 268 2
851 949 1
344 476 0
611 954 2
500 725 1
44 179 0
630 760 0
608 827 0
132 177 0
525 906 0
894 949 1
54 460 0
409 446 2
150 229 0
125 495 2
884 979 1
632 699 1
788 940 2
361 461 2
750 984 0
18 291 2
40 60 2
127 370 1
181 395 2
738 838 1
513 755 2
580 916 1
180 296 1
407 481 0
117 308 1
720 894 1
516 715 1
843 991 0
147 468 1
647 910 1
96 110 0
641 670 2
541 946 2
10 80 2
871 933 1
642 755 2
304 375 2
480 484 0
202 265 0
892 912 1
90 312 2
246 402 0
258 428 2
605 780 1
311 487 1
158 193 0
294 494 1
564 816 2
104 392 1
26 69 2
564 596 0
565 802 0
142 239 1
195 311 2
664 871 1
129 472 2
668 748 1
237 411 1
57 480 1
70 80 0
157 221 0
306 351 1
28 469 2
743 779 0
41 124 2
617 934 0
295 376 2
867 970 0
374 420 0
84 91 0
626 991 0
870 958 0
113 445 0
46 159 2
520 868 2
166 457 2
392 482 2
570 950 1
165 461 2
116 365 0
171 294 2
771 930 2
224 465 0
109 380 0
535 722 2
186 381 1
538 616 0
58 157 2
168 266 1
744 853 2
150 157 0
44 230 2
558 846 0
946 991 2
107 307 1
271 397 2
132 172 2
502 609 2
582 956 2
19 191 0
50 178 2
551 872 2
63 65 0
275 476 2
564 653 0
644 681 1
520 750 0
13 423 2
806 926 1
954 965 0
533 747 2
607 844 1
872 887 0
191 263 2
588 998 0
736 882 2
185 194 1
958 966 2
115 465 2
815 870 2
656 736 2
3 438 1
383 472 1
532 882 1
798 941 0
521 845 1
164 310 2
547 856 1
620 639 1
543 996 1
576 646 0
402 459 0
536 983 0
64 377 0
178 428 0
249 455 2
628 897 1
660 799 1
593 753 0
852 959 1
69 415 0
704 838 1
825 885 1
772 924 2
249 395 2
635 894 1
596 823 2
185 196 1
604 771 1
256 475 2
166 259 1
513 878 1
5 359 0
334 403 1
543 751 2
295 473 2
16 358 1
231 437 2
78 482 2
756 772 2
663 832 1
79 445 1
948 963 1
385 437 0
652 665 2
263 423 0
694 921 1
588 965 1
330 437 2
35 346 2
503 904 0
257 279 2
637 835 2
128 497 1
12 35 2
195 245 2
635 998 0
253 449 2
128 282 2
678 743 1
728 783 2
47 94 0
121 343 2
275 374 1
731 752 1
135 368 0
48 314 2
515 838 0
230 417 1
601 648 2
577 665 0
67 405 2
254 467 2
818 927 1
21 431 1
606 746 1
710 950 0
655 709 2
344 400 0
893 977 1
54 142 2
106 283 2
201 255 0
758 768 1
150 386 2
854 954 2
249 384 1
171 392 2
127 153 2
198 436 2
291 441 2
542 603 2
750 993 1
117 282 2
264 493 1
32 89 0
185 368 2
799 842 0
593 791 0
437 483 2
18 277 0
657 678 1
325 416 2
228 454 1
220 291 2
251 490 0
18 197 0
594 817 1
601 832 1
131 183 2
876 946 0
317 466 1
641 671 1
619 754 1
700 821 1
74 233 0
598 990 0
2 63 2
78 98 2
577 947 1
276 444 0
766 879 0
9 102 0
759 792 1
694 815 0
13 243 2
17 158 2
883 981 1
184 458 1
561 842 2
310 337 1
667 679 1
60 420 1
220 323 1
566 686 1
598 773 1
62 373 2
839 875 1
574 980 1
302 445 2
544 831 1
659 818 1
216 376 0
523 558 1
230 376 2
781 961 0
399 461 1
446 456 0
37 476 0
511 517 2
221 355 2
916 982 1
731 893 1
669 816 0
136 487 2
507 917 1
29 131 0
133 173 0
111 361 0
582 962 1
242 248 2
96 483 0
45 449 0
36 132 0
235 367 1
67 238 2
78 269 2
95 144 1
262 390 2
188 281 1
541 881 1
72 149 1
299 414 2
687 945 2
425 429 1
972 980 2
661 843 2
72 197 2
75 486 2
518 760 2
250 451 2
169 264 2
879 895 1
881 939 2
1 420 1
672 803 1
113 322 1
237 462 0
692 942 0
19 114 2
74 171 1
223 315 2
831 928 1
459 467 1
356 468 2
719 747 1
644 898 1
871 972 1
101 332 1
705 843 1
778 884 1
613 699 2
732 736 0
635 920 0
618 974 1
428 440 1
59 295 0
5 187 2
606 713 1
773 934 0
117 454 2
520 774 1
663 949 0
643 718 1
177 385 0
543 640 1
583 684 1
514 953 0
72 239 0
638 691 1
507 696 2
9 230 0
774 881 2
524 986 0
728 897 2
746 956 0
506 595 1
739 904 2
694 986 1
5 241 2
568 790 1
94 146 1
335 497 0
805 910 1
682 977 0
52 96 2
801 818 1
218 281 2
12 397 0
106 484 2
163 493 2
644 969 0
119 219 1
164 192 1
26 315 2
67 282 1
368 401 0
773 892 1
93 492 0
590 690 0
94 486 2
948 962 1
34 133 1
117 196 1
685 764 1
213 228 2
91 478 2
292 448 2
701 868 1
698 789 1
147 227 2
833 883 0
159 451 2
236 259 1
132 354 2
39 186 1
692 871 0
217 479 0
50 252 2
552 904 0
617 686 0
676 782 1
741 969 1
636 883 1
59 487 2
767 982 0
639 827 1
537 683 2
19 183 2
71 386 2
798 866 1
706 944 1
2 160 2
80 408 2
81 324 1
30 161 2
126 157 1
313 399 1
845 851 1
606 837 1
696 945 1
416 419 2
553 808 0
158 208 2
645 966 2
603 740 1
539 895 2
112 167 2
656 872 1
407 472 0
585 927 0
618 861 2
144 401 2
89 324 2
204 409 2
162 314 0
6 352 2
541 966 2
528 583 0
526 986 0
604 613 2
580 900 1
178 359 2
473 493 2
812 904 1
684 943 2
122 478 2
86 144 2
723 884 1
733 948 1
113 224 1
500 533 2
148 341 2
185 403 1
563 567 2
548 751 1
790 842 1
714 998 0
653 748 1
574 726 2
595 924 1
500 808 1
7 166 1
828 868 1
701 998 2
628 759 2
96 132 2
633 636 1
218 269 1
693 867 0
595 809 2
530 536 1
890 984 0
143 341 0
285 447 2
780 958 2
845 898 1
15 213 1
714 906 1
537 545 0
74 129 0
101 367 2
503 605 1
103 352 2
304 445 1
947 954 1
31 299 0
715 941 1
560 878 1
622 803 2
480 485 1
385 484 2
662 679 1
72 322 2
232 309 2
45 193 1
575 647 1
729 971 1
582 702 0
755 864 0
823 859 0
282 288 1
788 873 2
282 312 0
150 259 1
526 895 0
385 410 1
503 925 0
510 766 1
17 279 2
791 997 1
287 294 2
667 943 0
100 124 1
278 443 0
567 959 1
836 981 2
206 254 0
331 374 1
201 376 1
51 123 2
196 220 1
721 961 1
79 178 0
200 291 2
179 387 0
509 995 2
719 882 1
519 686 0
581 908 2
570 894 2
835 866 1
654 911 1
250 319 1
818 988 1
447 456 0
10 423 0
501 768 0
126 483 2
668 814 1
577 917 2
166 400 2
81 337 2
163 326 2
40 200 2
317 499 2
636 702 0
856 947 0
55 350 0
600 756 0
239 387 2
621 665 1
672 737 0
89 441 1
351 431 0
8 401 0
132 474 2
222 407 2
852 859 2
553 756 0
80 198 0
99 411 0
584 739 0
159 332 1
692 921 1
533 793 1
722 836 0
57 456 2
294 374 2
955 971 0
121 176 2
666 730 1
720 861 1
546 919 0
144 208 2
25 62 2
560 648 2
871 892 0
743 750 1
254 445 0
591 779 0
237 244 0
717 800 1
669 713 1
795 948 1
850 867 2
624 984 1
180 467 1
240 243 0
870 960 1
37 270 0
253 481 2
535 696 0
840 906 1
345 387 0
638 956 2
661 877 2
525 595 1
783 989 0
699 994 0
898 952 0
442 498 2
582 951 0
511 604 1
771 783 0
371 450 1
117 388 2
265 448 1
90 205 0
40 286 1
758 985 1
503 527 2
155 460 2
12 324 0
612 729 0
612 778 1
116 475 2
99 182 1
128 238 2
610 917 1
549 879 1
151 292 2
323 447 0
177 428 2
521 587 1
684 927 1
706 782 1
206 314 1
99 181 0
969 988 0
23 433 2
724 981 2
66 495 0
194 293 2
547 705 0
440 442 0
517 660 2
540 770 0
319 469 1
480 482 1
289 317 2
183 192 2
715 759 1
521 724 2
319 395 2
797 902 0
910 939 2
709 887 0
43 440 2
24 145 2
212 437 2
262 298 2
580 811 0
306 481 2
803 978 0
47 492 1
533 865 1
646 661 1
33 310 2
250 438 2
606 983 1
281 314 0
770 978 1
150 354 0
207 303 1
855 909 1
9 499 2
195 205 2
580 931 1
506 785 1
616 791 1
688 882 1
191 272 0
150 348 1
228 324 2
147 497 2
583 929 1
130 486 0
77 313 2
755 889 2
39 378 2
171 365 1
525 935 0
625 813 2
823 856 2
252 421 1
249 395 0
86 169 2
99 367 0
802 992 2
700 846 0
520 783 1
214 242 2
105 462 2
88 499 2
547 634 1
58 346 2
628 859 0
36 230 2
582 668 1
176 302 1
171 392 1
772 928 1
152 166 0
222 427 0
162 416 1
655 975 0
798 897 0
137 337 2
743 822 0
426 484 0
779 814 2
196 445 1
20 302 1
886 948 2
334 382 2
267 339 0
596 894 0
615 742 0
519 811 2
694 751 0
190 251 1
366 371 0
31 315 2
7 256 2
506 964 1
135 325 1
534 732 0
748 753 0
669 983 0
223 465 1
115 460 1
562 802 2
134 322 2
176 232 2
423 479 2
11 209 1
582 740 2
561 984 2
67 468 0
220 485 0
119 335 2
163 233 0
756 914 2
414 438 1
801 829 1
779 925 1
522 887 1
303 314 0
82 155 0
680 815 1
126 315 2
716 934 1
654 835 1
783 812 2
206 453 2
675 823 1
298 383 0
639 910 0
696 941 1
301 353 2
198 288 0
29 175 2
163 366 0
764 979 0
711 855 1
730 988 2
66 341 2
70 110 1
705 930 2
249 466 1
507 985 1
332 402 0
612 967 1
634 674 1
25 293 0
791 869 1
577 599 1
54 173 1
520 849 2
356 407 1
549 642 1
128 323 2
678 868 1
697 838 2
542 903 1
54 408 2
327 384 2
62 79 1
692 946 2
267 296 2
63 382 2
379 399 2
92 422 1
427 460 2
259 487 0
518 825 0
85 164 0
865 870 1
201 264 2
574 592 1
101 278 0
379 430 1
88 493 1
864 924 2
510 808 1
328 414 0
79 343 1
782 971 1
574 939 0
738 897 0
262 439 0
126 282 2
205 480 2
904 977 1
417 492 1
100 148 2
408 453 1
568 961 2
234 308 1
647 830 1
355 377 0
280 484 2
848 859 2
18 184 2
303 388 0
184 305 1
597 733 0
921 955 0
672 966 0
72 273 2
672 849 2
293 437 0
618 851 0
641 925 0
284 377 1
144 269 0
67 360 1
845 987 2
539 542 1
204 398 2
77 410 1
764 903 2
590 791 2
236 335 2
875 987 1
526 941 2
545 975 0
556 851 2
544 668 1
166 285 1
681 931 0
15 439 2
183 362 2
690 902 0
171 466 2
524 867 2
525 589 1
222 271 2
123 188 2
812 964 2
547 919 1
179 266 2
282 319 2
657 664 0
687 916 0
636 895 0
602 670 2
36 335 2
333 418 2
756 814 0
290 492 2
755 792 1
564 981 1
352 425 2
503 872 1
364 405 1
156 210 2
112 491 1
522 956 1
47 309 2
738 999 1
705 767 2
595 643 2
649 970 2
3 34 2
177 294 2
154 487 2
299 366 0
596 653 1
839 865 2
324 488 1
36 473 1
908 954 0
534 770 1
817 881 2
675 958 1
53 470 2
583 891 2
191 236 1
518 893 1
135 366 0
583 822 2
604 802 2
827 892 2
136 470 2
805 873 1
637 886 1
830 921 0
582 792 0
551 737 0
6 431 0
88 410 1
598 891 1
538 815 2
721 900 1
669 853 1
114 215 0
236 336 2
714 778 1
506 786 1
153 292 2
630 737 1
813 872 1
670 676 0
127 153 0
285 431 2
685 945 1
265 453 2
848 972 2
205 375 0
636 993 1
82 117 0
795 854 1
667 825 1
246 488 0
331 466 1
520 965 1
31 321 2
183 415 0
651 850 1
39 389 2
531 645 0
405 417 2
169 463 1
78 335 2
249 412 2
767 827 1
667 680 1
179 274 2
558 645 2
530 874 2
71 450 2
776 938 2
200 339 2
203 219 1
587 969 1
89 475 2
501 970 1
694 823 1
740 979 2
778 946 0
560 635 1
67 171 0
160 263 2
716 757 1
281 361 0
753 873 0
92 132 2
53 256 0
206 372 0
595 659 1
685 901 0
145 329 1
609 963 1
215 331 2
187 471 2
349 351 0
217 498 1
681 762 1
120 217 2
342 428 2
140 200 0
42 425 2
549 707 1
685 901 1
561 811 0
677 731 1
159 412 2
262 332 0
33 422 2
0 203 1
45 456 2
452 481 1
505 984 1
64 451 2
593 965 1
761 960 1
605 613 2
604 795 0
545 856 1
86 483 2
260 446 2
668 953 1
334 386 1
857 887 2
280 332 0
109 246 1
3 426 1
662 686 1
40 285 2
314 360 0
50 324 2
515 991 2
296 442 1
588 692 0
638 671 0
3 321 1
150 172 1
554 983 1
279 439 0
312 336 1
986 996 1
337 414 2
157 411 1
744 966 1
130 440 2
620 709 0
987 993 2
89 284 2
604 976 1
312 377 2
623 752 1
683 700 2
611 985 2
822 973 0
172 275 2
332 350 0
88 468 2
11 240 1
674 716 2
523 880 2
635 971 2
373 407 2
525 999 0
276 292 1
181 382 0
349 371 1
92 134 1
269 278 2
572 634 0
621 900 1
647 922 2
714 731 1
362 374 1
677 923 1
312 432 0
554 713 0
34 311 1
759 874 1
339 379 2
129 354 2
605 608 2
891 960 1
36 366 2
333 460 1
527 915 1
626 778 1
731 776 1
273 478 0
608 926 0
544 955 2
62 394 2
535 585 2
215 484 0
128 403 0
79 95 0
870 887 1
742 844 1
367 378 2
602 735 1
421 436 0
651 692 2
103 215 2
566 786 0
758 760 1
226 402 2
569 955 0
389 415 2
739 886 1
961 966 1
768 770 1
586 610 2
556 803 1
781 960 2
303 465 2
204 386 2
175 430 0
713 903 2
19 444 0
169 195 2
630 756 1
631 719 2
18 156 2
891 974 2
43 145 2
688 707 1
64 204 2
148 326 2
530 708 2
667 753 1
911 992 1
237 414 1
200 487 2
755 897 1
6 474 1
713 942 1
557 867 1
569 919 2
8 308 2
18 70 2
562 715 0
20 209 2
33 159 1
500 843 2
323 344 2
657 877 1
622 788 0
150 448 2
2 393 1
447 475 0
547 819 2
519 894 1
303 397 1
502 670 1
550 588 0
884 940 2
61 295 2
677 776 0
47 356 1
73 177 1
332 397 2
602 685 2
18 302 0
776 841 2
772 896 2
79 441 2
190 249 1
564 757 2
830 965 1
8 446 2
646 918 0
37 269 2
379 380 1
501 924 1
602 901 2
21 44 1
623 934 1
26 137 2
706 709 1
823 995 0
710 848 0
183 461 0
645 859 1
183 490 0
71 300 2
80 282 1
722 853 0
209 389 2
47 349 1
899 916 0
631 881 2
91 201 2
810 825 1
791 803 2
399 428 2
897 903 1
72 194 0
49 80 1
256 362 2
126 376 0
213 243 2
133 154 0
83 391 0
697 834 0
129 396 0
613 867 0
631 928 0
599 687 1
69 381 2
751 939 1
76 345 2
562 804 1
233 424 2
29 492 0
198 279 2
508 738 1
127 221 0
276 286 2
571 966 0
630 640 1
60 140 2
106 182 1
504 892 1
629 842 1
599 981 0
248 485 0
112 210 2
957 996 1
200 440 2
8 25 2
542 954 2
500 958 0
691 694 0
4 406 0
243 319 1
828 916 1
254 391 0
25 313 0
29 349 1
77 318 0
41 84 2
533 650 2
740 795 1
621 722 2
161 307 1
400 481 0
81 298 2
12 399 2
7 40 2
236 455 1
135 286 2
223 370 2
269 391 2
368 402 1
976 991 1
16 106 2
67 374 0
647 736 2
778 911 0
417 464 2
348 422 1
509 662 2
702 789 1
4 408 2
140 339 2
623 989 1
565 763 1
191 434 2
821 903 2
121 221 2
508 592 1
870 950 1
678 959 1
177 453 0
585 831 1
421 453 2
174 492 1
270 459 2
109 189 2
451 473 2
332 486 0
694 839 1
120 249 1
721 802 1
293 422 2
144 429 0
526 639 1
156 423 0
790 892 0
159 346 1
117 384 0
245 288 2
627 908 1
564 873 2
61 456 2
512 825 1
156 427 2
710 979 2
147 438 2
29 135 2
69 434 2
205 309 0
555 811 2
381 473 0
514 651 1
132 426 2
760 985 1
510 872 1
197 240 1
708 804 0
563 629 1
656 951 2
122 214 0
634 898 1
727 807 1
659 845 1
83 209 1
850 994 1
304 490 0
613 767 0
147 197 0
707 794 0
53 386 2
203 422 1
145 165 2
545 642 1
523 902 1
8 184 1
67 368 2
126 423 1
312 450 0
527 776 0
49 463 1
688 849 2
298 373 0
68 233 2
169 230 2
176 238 0
201 323 2
120 314 2
545 762 2
206 225 2
92 253 0
585 984 0
662 797 1
796 929 1
352 358 0
214 221 1
18 121 1
720 804 0
180 390 1
630 897 1
813 860 2
353 451 2
620 834 2
268 324 1
102 315 1
20 262 2
215 239 1
715 923 0
522 621 0
61 465 2
16 429 2
141 387 2
17 243 0
820 943 2
19 322 2
879 966 0
600 817 1
265 283 1
702 723 1
506 967 1
56 59 0
98 321 0
211 458 2
632 766 1
199 477 0
48 407 1
295 347 1
519 779 1
802 935 2
682 867 2
172 490 2
556 603 0
501 701 1
36 57 0
799 805 0
620 640 2
571 637 0
822 888 2
886 957 1
633 983 1
681 920 1
53 111 0
512 799 0
224 351 1
892 896 1
138 346 2
801 855 1
833 926 2
13 284 0
501 763 1
703 979 2
537 921 1
639 806 2
136 261 0
371 411 1
615 827 1
199 483 1
128 388 0
700 798 0
646 915 2
80 336 0
584 621 1
171 335 2
967 993 1
788 797 0
154 484 2
762 932 1
656 980 1
260 327 2
335 481 1
419 422 1
848 958 2
387 451 1
857 930 1
243 393 2
288 379 2
107 191 2
101 304 1
938 982 1
307 337 1
625 696 0
522 539 1
147 230 1
66 163 0
44 315 1
263 358 0
567 665 2
210 311 2
570 975 1
665 792 2
783 988 1
384 481 2
853 934 0
187 456 1
672 974 0
235 394 2
736 783 1
777 823 0
94 237 2
175 430 2
396 459 2
516 995 0
617 967 1
202 217 2
374 441 2
15 83 1
815 858 0
173 302 1
762 798 1
70 81 1
485 495 1
643 972 1
242 389 1
735 761 1
627 821 2
89 471 2
9 203 1
663 827 2
37 359 2
76 494 2
706 975 0
277 450 1
56 464 2
8 211 2
687 712 2
254 306 2
131 179 1
92 174 2
252 395 1
663 667 2
299 322 0
315 371 0
643 745 1
736 983 1
517 909 1
26 487 2
621 659 1
530 975 0
260 437 0
677 686 1
156 237 2
975 987 2
58 387 0
838 889 1
139 163 0
831 940 1
176 260 1
130 215 1
257 463 1
608 843 2
148 426 1
180 331 1
349 406 2
755 875 1
765 775 0
346 452 0
105 382 2
287 479 2
411 458 1
606 927 0
205 387 1
846 909 1
500 747 1
565 755 2
110 175 2
188 217 2
365 448 0
633 681 0
501 655 1
905 975 0
743 755 0
667 798 2
3 429 2
611 862 1
619 956 1
219 296 2
274 356 1
684 704 0
169 248 2
897 980 1
62 471 0
76 368 2
319 355 0
564 889 1
62 443 2
65 488 0
557 745 2
549 994 2
535 730 0
385 436 1
732 927 1
608 611 1
475 492 2
638 937 1
527 776 2
18 398 2
38 401 2
97 438 0
970 973 1
99 174 1
268 394 0
522 734 2
5 118 2
66 402 2
625 928 2
296 381 2
641 680 1
839 892 0
757 802 1
278 377 2
745 762 1
626 791 2
11 87 0
142 345 1
576 964 1
356 386 1
197 307 0
576 728 1
97 131 1
787 984 0
244 489 1
607 887 2
607 909 2
284 491 0
52 406 2
153 376 2
262 407 2
282 285 0
897 927 1
58 78 2
797 978 0
125 344 1
698 856 1
31 399 2
393 465 2
657 668 0
242 446 2
591 973 1
546 973 1
84 96 1
103 231 2
696 934 2
247 317 1
554 635 1
692 880 0
966 981 2
21 499 0
559 649 1
449 477 2
126 356 2
717 727 0
532 585 1
146 304 0
544 785 1
568 585 2
58 350 2
618 763 2
666 803 1
103 142 1
680 812 1
94 318 0
555 944 1
35 473 1
176 383 0
917 932 1
757 796 0
526 669 0
517 855 1
597 762 0
4 30 1
273 288 0
733 857 2
408 483 2
519 851 0
100 439 2
881 986 2
540 545 0
641 885 2
831 861 2
22 289 0
174 472 0
75 461 0
532 921 0
647 812 1
633 652 1
851 917 2
840 902 1
774 928 1
182 363 2
705 986 1
282 305 0
6 131 2
667 715 1
78 354 2
127 475 2
952 994 2
233 267 0
95 420 2
510 682 2
236 380 2
88 453 0
595 689 2
122 229 2
767 993 2
177 299 0
743 809 0
130 216 0
1 448 1
567 974 2
715 977 2
152 423 2
501 707 1
513 746 1
124 401 1
723 966 1
327 422 0
78 493 2
767 832 2
736 765 1
168 226 2
193 481 2
137 498 1
6 74 0
544 788 0
527 931 0
176 337 0
191 436 2
609 718 2
632 939 1
160 407 0
718 967 1
652 991 1
686 772 2
228 311 2
861 997 0
319 449 1
684 985 2
527 703 1
175 313 1
108 433 1
731 955 2
95 426 1
36 80 2
894 968 1
296 474 0
215 469 0
14 364 0
912 959 1
128 183 0
75 262 2
835 895 0
616 927 2
200 408 2
144 393 2
522 812 2
442 453 1
131 157 2
407 472 2
569 754 1
581 789 1
367 422 1
50 425 2
783 819 1
568 709 0
59 66 0
553 925 1
806 951 2
610 901 2
73 317 2
728 981 1
53 187 1
757 929 2
567 616 0
555 911 0
650 819 1
284 368 1
721 989 1
577 581 2
664 771 0
732 938 0
656 740 0
11 148 1
73 204 1
693 959 0
666 935 0
152 458 0
70 371 2
71 359 1
220 295 2
531 562 0
42 132 2
4 263 0
719 974 2
80 288 0
658 701 1
133 376 2
540 595 2
572 973 1
480 486 0
63 373 2
822 966 2
601 791 1
157 211 1
73 341 2
556 816 1
909 985 1
180 427 2
720 923 0
917 936 1
227 448 0
66 414 2
79 111 2
637 763 1
178 400 1
526 726 0
1 244 2
596 623 0
177 325 1
251 287 0
763 927 1
632 929 1
376 477 2
507 788 0
881 926 1
654 661 1
429 473 2
296 463 2
618 745 1
66 204 2
621 861 1
144 232 0
620 906 1
790 948 1
589 976 1
515 919 2
273 319 0
218 233 0
343 465 1
213 238 1
587 826 0
707 986 2
636 790 1
612 665 0
570 970 1
723 829 1
548 807 2
526 947 1
581 592 1
827 907 1
648 677 1
685 933 2
750 936 0
99 160 1
12 93 1
71 138 2
277 444 2
635 851 0
634 998 1
803 970 2
63 203 2
428 464 2
777 968 2
514 757 1
726 756 2
69 147 2
1 344 1
204 368 2
167 278 2
524 852 1
59 224 2
725 898 1
732 908 1
140 169 2
827 890 0
883 891 1
323 451 1
198 273 2
862 899 1
686 706 0
568 768 0
881 972 1
166 352 2
523 670 1
168 183 0
745 746 1
132 325 1
369 474 2
530 714 1
172 434 2
9 473 0
238 373 2
114 343 2
57 201 1
563 569 2
344 376 1
548 961 1
123 288 0
825 893 1
593 829 1
660 895 0
524 843 1
200 353 2
516 963 1
300 355 2
38 138 1
539 666 1
44 467 2
701 946 2
3 336 2
44 273 2
673 941 1
190 336 1
639 731 1
98 120 1
434 489 0
669 764 0
551 722 2
764 910 2
891 997 0
525 563 1
269 426 1
114 352 0
859 883 0
575 748 2
368 406 2
723 995 1
852 966 2
538 916 1
620 796 0
554 935 2
671 833 0
99 344 0
612 747 0
571 932 0
710 749 0
746 756 0
159 219 2
843 920 1
96 353 0
746 878 1
273 494 2
372 419 1
8 450 2
415 461 0
834 918 0
349 388 2
773 803 2
628 819 2
83 215 2
524 926 0
392 447 2
47 445 2
834 926 0
75 97 2
23 481 2
132 140 2
211 396 1
503 853 1
675 885 1
38 358 1
62 77 2
610 644 1
743 807 0
209 464 2
554 855 2
49 398 2
769 944 0
867 896 1
96 119 2
890 942 0
293 441 2
255 291 0
605 874 0
42 269 1
725 987 2
45 404 2
551 614 0
160 183 1
133 485 2
197 308 1
358 461 2
634 960 0
651 847 1
148 227 1
63 259 0
116 233 2
403 409 1
79 318 1
207 289 2
194 436 1
584 794 1
741 943 0
606 681 2
531 818 1
124 330 2
530 822 2
701 793 1
357 462 2
573 904 1
297 327 2
672 792 0
638 856 1
589 899 1
534 663 1
650 756 1
548 743 2
1 384 2
81 416 2
112 273 0
764 809 1
183 290 2
625 783 1
344 407 0
565 880 2
190 196 2
635 958 1
85 230 2
117 279 0
112 318 0
671 725 0
568 654 0
129 426 2
939 947 2
269 349 0
694 702 1
598 632 1
628 730 0
130 145 0
551 746 2
202 484 2
41 278 2
713 728 2
128 254 2
530 977 0
224 240 2
79 228 1
298 300 0
585 995 2
611 893 2
2 149 1
544 902 1
14 102 0
63 176 2
323 343 2
588 988 2
241 282 2
513 514 0
909 931 0
659 910 0
705 906 0
55 206 1
687 708 1
575 856 1
576 734 1
71 365 0
551 949 1
655 914 1
676 805 1
538 930 1
452 458 1
306 380 0
685 886 1
67 425 0
504 820 2
793 916 0
117 490 2
840 938 0
602 636 1
363 448 2
398 439 2
857 955 1
149 442 2
734 954 0
215 401 2
6 81 2
600 883 0
110 151 2
618 781 0
680 994 0
55 361 1
89 414 2
723 956 0
692 731 0
37 443 2
131 255 2
423 475 1
722 740 1
63 321 2
232 260 0
279 394 1
612 974 1
739 836 2
622 819 1
720 952 1
795 991 2
541 620 2
601 927 1
559 891 2
341 464 0
38 195 0
98 193 0
0 388 2
544 715 1
677 723 0
8 117 1
770 958 0
226 394 2
122 360 2
155 159 2
878 883 1
826 855 1
826 928 1
717 929 2
5 396 2
661 964 1
122 484 2
777 972 1
903 990 1
264 469 2
104 259 2
659 906 1
441 489 0
831 949 0
267 278 0
866 982 1
308 342 0
25 156 2
52 106 0
80 104 2
561 904 1
257 424 2
617 628 1
543 967 0
731 993 2
507 792 0
879 990 1
112 453 0
65 422 2
510 787 1
558 873 0
358 491 0
203 394 1
799 976 2
850 892 1
385 493 0
21 354 0
599 783 0
227 241 1
11 383 0
679 801 0
658 861 2
31 95 2
46 253 2
54 209 0
659 753 1
202 459 1
668 685 1
664 971 1
877 983 1
551 591 2
855 949 0
844 862 2
242 498 2
218 482 0
872 993 0
37 464 2
76 159 2
710 914 1
712 758 0
287 461 2
551 666 1
359 486 0
606 731 2
768 816 2
59 94 2
632 871 2
580 635 2
22 435 1
42 387 2
227 487 2
233 254 2
531 661 0
501 946 1
61 481 2
122 322 0
575 811 1
843 859 0
218 497 1
551 855 0
405 430 2
15 473 2
837 927 1
559 622 0
763 940 2
263 480 0
425 498 1
193 204 1
594 810 0
665 695 0
522 897 2
184 291 1
165 370 2
38 138 0
0 245 2
776 970 2
294 477 1
259 268 1
576 888 1
592 784 2
270 342 0
674 934 0
207 385 0
562 736 2
743 851 1
158 243 2
5 324 2
515 768 0
66 444 0
512 913 2
845 992 0
642 880 2
741 951 1
799 863 1
15 419 0
661 759 0
888 994 2
623 669 1
272 342 2
359 420 1
10 327 0
4 93 2
114 200 1
758 970 0
517 690 1
632 759 2
56 151 0
822 920 0
642 674 1
843 862 0
64 271 1
544 846 2
506 867 2
156 360 2
506 631 1
90 279 2
238 293 0
502 525 1
71 367 2
153 250 2
283 394 2
594 973 1
575 786 2
879 938 1
43 323 2
314 337 2
333 449 2
586 706 2
576 984 0
563 972 1
622 787 0
119 150 2
616 810 2
334 339 0
645 814 2
861 948 1
242 274 0
508 588 2
721 797 1
764 911 0
126 395 2
254 447 2
511 848 1
12 158 2
192 253 1
791 848 2
126 386 2
500 688 1
281 401 2
716 755 2
311 362 2
74 375 1
941 991 0
743 940 0
8 451 1
701 862 1
12 402 0
228 363 1
177 482 2
64 399 1
513 923 2
708 969 2
22 153 2
159 339 1
562 831 1
278 462 1
198 337 0
106 202 0
609 712 2
145 341 0
524 909 0
142 341 2
47 155 1
546 902 2
763 842 0
460 480 2
678 957 0
760 831 0
577 639 1
155 327 1
191 454 0
303 425 2
523 824 0
38 319 0
55 335 1
537 669 1
234 421 2
368 405 2
663 980 0
635 831 2
900 974 2
120 205 1
77 371 1
245 353 0
153 201 2
983 998 1
636 700 1
0 110 2
761 962 0
592 960 1
125 490 2
288 339 1
3 436 2
24 124 1
675 922 2
823 874 2
528 766 2
106 339 1
115 489 2
513 814 0
608 873 0
526 898 1
568 591 0
502 791 1
667 832 1
183 430 2
528 599 0
516 929 0
193 454 0
754 807 1
752 789 2
112 211 0
632 770 1
165 340 1
42 487 2
163 463 0
35 147 2
504 830 2
742 940 1
713 873 2
709 801 2
126 488 1
102 385 0
412 419 1
656 762 2
310 374 1
189 291 0
34 418 0
5 478 0
833 852 1
247 357 2
364 486 0
15 406 0
554 720 1
639 750 1
112 335 0
226 325 2
526 600 1
198 428 1
532 758 0
521 982 1
635 994 2
598 894 2
702 798 2
689 999 1
549 633 2
597 875 1
59 496 1
170 361 2
173 388 2
557 758 2
966 999 1
706 954 2
78 344 2
881 968 1
633 950 0
925 969 1
574 688 1
27 363 0
10 315 0
131 244 2
314 360 2
779 887 1
10 456 2
376 394 1
226 444 1
591 783 1
93 168 2
229 389 2
786 999 1
163 235 2
823 899 1
273 380 2
228 345 0
279 392 2
97 297 2
48 92 2
535 542 1
225 444 0
302 329 1
107 433 0
575 809 1
571 741 1
889 997 1
221 330 2
157 413 2
833 884 1
560 877 2
898 901 1
604 967 1
592 730 2
190 214 2
263 370 1
10 67 1
127 304 0
3 64 1
120 258 2
372 495 1
385 418 0
255 392 1
98 302 2
868 967 1
32 304 0
702 791 0
525 696 0
727 894 2
656 957 1
12 24 2
795 978 1
108 230 2
570 741 1
274 449 0
125 254 2
139 278 1
277 304 2
0 111 1
835 988 2
298 353 2
574 827 1
286 346 0
35 263 2
276 331 2
82 107 1
40 98 1
44 456 1
732 809 0
838 961 1
197 249 0
186 314 0
415 449 1
567 742 1
550 612 1
62 71 2
159 259 2
264 407 0
690 954 1
39 58 2
174 410 0
242 357 0
511 586 1
3 128 0
102 452 2
86 424 2
867 870 1
81 398 1
237 338 1
535 802 0
658 799 1
524 968 1
114 334 0
622 892 0
55 57 0
403 439 1
40 358 2
698 821 0
98 261 0
607 676 1
654 699 1
511 530 1
240 300 0
16 252 0
145 348 2
67 385 2
50 340 2
181 461 2
185 291 2
653 929 1
665 759 2
599 720 0
625 869 1
8 271 2
104 190 0
540 925 0
268 470 0
613 744 1
200 332 2
749 984 1
35 405 2
206 304 2
214 289 2
733 997 1
568 651 1
26 68 2
94 173 2
260 437 1
738 893 1
171 210 2
670 686 2
54 147 2
163 189 1
773 822 1
696 973 0
128 273 2
619 937 0
281 477 1
189 209 2
517 688 2
709 952 0
227 468 0
549 651 1
617 682 1
572 954 1
1 345 0
33 381 2
860 883 1
373 471 2
422 490 2
733 750 0
227 373 1
395 448 1
227 271 0
507 611 2
163 382 2
107 340 2
730 973 2
841 883 0
804 850 2
118 336 0
831 932 0
324 335 2
105 214 2
567 894 1
310 395 1
771 994 1
689 910 2
926 992 1
553 712 2
319 433 0
580 589 1
4 267 1
105 367 2
22 262 1
887 946 0
616 799 1
646 908 0
524 729 1
628 776 1
596 973 0
759 993 1
606 616 0
40 244 0
122 443 1
681 988 1
899 969 2
762 943 2
17 87 0
871 921 2
212 383 2
82 160 1
997 998 1
533 771 1
559 673 0
534 576 1
842 964 1
65 96 1
73 441 1
222 405 2
905 978 1
772 869 2
51 415 1
565 800 1
89 454 2
724 997 1
817 886 0
13 403 2
180 204 0
863 981 1
626 914 0
470 473 0
149 471 2
16 238 2
161 370 0
683 791 2
551 830 2
668 716 0
425 484 2
163 403 0
120 481 2
793 941 1
106 315 2
146 421 1
539 700 0
113 191 2
46 412 0
217 275 1
723 817 0
286 350 2
554 893 0
825 862 2
554 970 0
5 169 1
85 213 2
776 834 2
785 909 2
663 723 1
76 375 1
725 983 0
658 963 0
857 863 1
628 790 2
870 957 2
226 487 2
79 250 1
659 957 1
444 454 0
672 885 1
203 443 2
14 55 2
546 948 0
560 895 1
522 614 1
173 223 0
708 982 1
752 832 0
912 960 2
586 925 1
687 763 2
292 434 0
734 958 1
943 972 2
81 424 0
72 184 2
648 781 2
718 910 1
569 755 0
298 398 2
634 804 1
556 590 1
596 602 1
804 912 2
686 957 1
209 492 1
70 114 2
47 168 0
706 927 2
634 687 2
19 96 0
284 497 2
638 746 1
617 886 2
395 420 0
183 291 0
686 928 0
84 333 1
592 851 1
69 342 2
571 698 1
310 475 1
226 314 2
716 957 1
508 725 2
630 850 1
79 81 2
313 366 2
95 193 2
147 213 2
198 230 1
18 160 1
663 944 1
114 211 1
60 236 2
226 496 1
572 649 1
789 858 1
349 443 2
795 905 2
768 998 1
755 858 1
2 86 2
703 790 1
909 963 1
215 216 2
511 929 1
632 926 1
139 333 0
833 835 2
526 806 0
183 336 1
280 339 0
437 471 0
902 970 1
91 147 2
64 210 1
506 630 1
544 796 0
220 398 1
658 884 0
52 274 2
511 635 1
864 874 0
592 599 0
633 961 1
130 494 2
537 757 1
568 705 2
600 705 1
531 572 2
583 645 2
190 203 2
507 923 1
636 671 1
661 888 2
903 951 1
8 327 2
707 996 1
183 499 2
954 986 1
368 440 2
273 290 1
242 267 0
873 973 0
590 671 1
572 632 2
840 842 2
259 305 0
102 227 1
366 494 0
829 914 0
689 693 1
269 333 1
667 682 2
70 318 0
200 431 2
608 747 0
635 864 0
226 293 2
6 198 0
162 387 2
745 877 1
616 758 1
1 176 0
579 765 0
526 910 1
658 830 1
582 988 1
742 978 2
329 485 2
157 498 2
826 868 1
659 770 1
224 444 2
651 851 0
661 769 1
541 750 1
335 481 2
787 900 1
71 311 2
324 377 0
627 670 1
84 375 1
290 314 2
31 490 1
902 923 1
179 274 0
605 702 1
676 883 2
446 480 2
280 461 1
529 779 0
41 230 2
732 964 1
646 819 0
166 218 2
506 987 1
102 152 1
381 401 2
358 481 2
528 698 1
794 806 0
717 825 1
154 451 2
88 491 2
328 385 0
635 777 1
320 327 0
899 917 2
5 262 2
883 952 1
715 955 1
84 120 2
916 961 2
2 15 0
166 279 0
629 639 1
565 693 2
9 222 1
549 649 0
519 807 1
240 415 2
897 917 0
73 92 0
107 378 0
203 386 0
576 924 2
73 232 2
546 735 2
716 721 0
768 783 2
36 338 2
500 512 1
835 961 0
346 379 2
555 824 1
631 804 1
208 475 2
512 549 1
299 471 2
651 756 0
187 488 2
647 883 2
140 334 1
516 609 2
687 893 0
7 130 0
392 454 2
132 435 2
44 342 2
898 977 0
769 854 2
313 457 1
526 675 1
585 697 1
350 393 2
199 262 0
621 925 2
298 499 2
25 391 0
520 955 0
225 326 1
626 758 1
660 765 2
561 700 1
106 229 0
797 879 0
79 320 2
600 864 2
649 903 2
407 495 2
766 811 0
253 276 0
829 966 2
13 145 2
385 397 1
13 203 2
253 353 2
660 953 1
118 226 1
816 951 1
793 839 2
515 586 1
22 475 1
725 839 0
151 184 1
650 999 2
113 334 2
9 462 2
398 490 0
863 921 1
790 913 1
77 156 0
540 658 2
43 283 2
302 330 2
658 785 1
183 418 2
509 511 1
236 447 1
45 93 0
787 816 2
558 581 1
348 411 0
538 842 1
95 324 1
2 141 1
88 142 1
797 804 2
823 945 1
874 947 1
175 444 2
532 793 1
847 999 1
540 834 2
707 818 2
201 269 0
132 322 2
72 85 2
693 710 1
127 250 2
173 370 2
802 960 1
188 256 1
791 947 1
44 342 0
233 427 2
939 977 1
744 891 1
820 958 1
656 660 0
255 315 2
39 490 2
935 944 2
387 442 0
673 816 1
594 695 2
445 480 2
550 874 1
124 427 1
80 311 1
764 830 2
358 433 2
176 493 1
613 619 2
282 403 2
303 330 2
126 152 2
687 922 2
680 874 0
906 991 1
525 993 0
151 272 1
341 443 0
128 186 1
874 883 1
735 808 1
250 251 1
7 277 2
60 75 1
677 727 0
155 184 0
609 822 0
94 267 0
588 754 1
789 909 0
665 825 0
84 97 0
789 917 1
39 80 2
78 366 2
543 756 2
660 920 2
715 964 2
616 910 2
529 922 0
625 788 1
557 847 1
365 405 0
267 440 1
158 470 1
286 292 2
255 432 2
743 762 1
723 811 2
328 483 2
637 815 0
88 395 2
714 882 0
547 695 1
99 211 2
661 901 0
833 885 1
129 175 1
162 421 0
640 815 2
555 975 1
596 970 0
9 452 0
12 342 2
115 353 2
563 699 2
85 392 1
756 758 0
156 197 1
529 836 1
747 824 2
125 254 0
516 555 0
754 830 1
220 276 1
132 486 2
118 250 1
431 494 0
627 809 1
550 779 2
91 173 2
790 988 1
159 300 1
645 717 1
572 981 1
0 459 2
695 787 1
16 421 0
916 918 1
173 293 1
573 746 2
452 497 2
537 738 1
629 741 1
114 288 1
739 812 1
101 220 1
507 563 1
127 165 0
150 471 1
754 850 1
644 782 1
591 885 2
583 981 1
563 928 1
239 312 0
185 379 0
317 462 0
805 899 1
23 115 1
108 293 0
321 471 1
590 613 1
850 930 2
1 43 0
328 413 0
374 460 2
228 450 2
642 718 2
13 295 2
341 406 2
648 839 2
244 385 1
639 995 1
612 658 0
172 372 1
298 429 2
544 589 1
198 321 0
589 664 2
682 699 0
607 800 1
224 257 2
874 934 0
573 782 0
528 598 2
515 728 2
130 321 2
662 931 0
512 527 2
47 342 0
759 995 1
119 347 0
269 458 1
785 935 0
73 440 2
631 852 1
144 266 2
20 101 1
260 321 2
35 101 2
527 877 2
254 383 1
60 391 1
564 610 0
107 181 1
125 400 1
569 880 1
863 872 1
795 809 1
574 944 0
614 987 1
517 986 2
68 428 2
5 270 2
279 493 0
86 489 1
353 358 2
16 430 2
675 894 0
364 461 2
850 917 2
607 743 2
31 239 1
626 719 0
576 900 1
78 314 0
335 376 2
615 731 0
343 353 2
765 829 1
720 816 0
70 276 0
165 293 2
342 354 2
47 393 1
802 939 0
10 220 1
17 389 1
530 837 1
594 991 0
81 171 2
93 445 2
552 780 1
173 478 2
557 982 1
849 918 0
552 733 1
563 852 1
604 926 0
501 528 1
130 378 2
241 380 2
323 359 0
617 693 1
380 450 0
16 340 1
113 249 1
89 134 2
242 475 0
569 637 1
697 874 2
191 223 0
137 347 0
701 717 1
591 993 0
116 261 2
822 896 1
171 368 2
315 402 0
163 250 2
882 903 2
126 235 2
313 379 2
504 806 0
620 805 1
138 229 0
783 924 0
138 400 2
566 716 1
510 776 1
220 276 2
90 228 2
139 480 0
713 807 1
657 952 2
359 444 2
568 921 1
329 412 1
549 828 1
516 952 2
560 969 0
49 414 0
799 830 0
711 946 1
559 657 2
218 490 1
882 896 2
724 754 1
250 277 2
61 115 2
530 779 1
724 990 1
527 932 2
545 749 1
190 365 2
92 357 1
199 485 2
760 907 0
184 421 2
184 294 2
482 495 0
692 909 1
533 820 0
839 947 0
772 829 0
105 128 0
797 967 1
584 920 0
289 316 2
544 729 2
131 327 0
267 464 1
562 593 2
917 957 0
520 811 0
107 224 2
625 796 1
628 975 1
862 960 2
67 200 2
115 136 0
447 469 2
69 347 2
200 411 1
938 940 0
918 973 2
793 827 1
728 760 0
534 577 2
175 263 2
665 987 2
263 306 1
686 862 1
794 898 0
781 810 1
44 372 2
225 410 2
244 249 2
3 247 2
561 973 1
533 837 1
694 784 1
619 705 0
38 134 2
87 252 1
60 63 2
687 908 1
577 882 0
361 365 1
22 278 0
35 362 0
142 377 0
258 327 0
540 801 1
251 329 1
398 468 0
589 827 1
665 889 0
40 336 0
48 73 0
36 65 2
598 652 2
525 613 1
516 735 1
552 896 0
536 614 0
349 476 1
330 449 0
76 125 1
124 185 1
18 363 2
606 854 1
52 114 0
710 942 0
173 385 2
157 404 0
732 864 1
543 614 1
46 256 1
697 976 2
716 800 0
605 659 0
290 383 2
5 324 1
677 754 1
368 385 2
346 435 1
668 838 1
256 332 2
857 926 1
779 948 1
548 872 0
547 738 2
312 420 0
46 176 0
687 854 0
82 233 2
55 332 2
171 341 2
596 699 1
594 935 1
724 935 2
221 483 2
657 935 1
797 891 0
763 989 1
516 769 2
735 952 2
556 845 1
431 482 2
630 826 0
517 879 1
84 118 1
502 805 1
334 397 2
226 370 2
637 909 0
238 453 1
370 480 2
660 878 1
800 927 0
254 320 2
100 470 1
215 234 1
372 468 0
231 232 2
6 294 0
67 276 0
544 875 2
257 364 1
274 275 2
567 667 0
20 218 2
238 446 1
580 787 2
17 167 1
194 423 2
728 754 1
545 554 0
750 851 2
140 463 0
525 596 1
622 808 2
616 739 2
173 373 0
164 281 2
675 783 2
360 384 1
411 480 2
133 171 2
135 426 2
858 974 2
649 752 0
293 412 2
710 722 0
110 264 1
139 336 2
208 476 2
208 382 2
231 241 2
147 362 2
816 979 1
613 664 0
34 367 0
115 398 2
346 406 0
500 519 0
341 424 0
109 126 1
179 403 2
5 476 2
47 493 0
33 306 0
101 276 1
561 708 2
202 384 0
543 551 0
795 928 1
323 497 1
169 337 0
218 275 0
781 807 1
616 798 2
574 619 2
768 817 2
766 777 1
304 346 2
592 971 1
353 389 2
824 964 2
919 971 1
114 389 1
127 129 2
13 400 2
109 408 2
355 433 1
809 922 1
776 791 2
764 865 2
192 277 2
664 773 0
166 176 1
48 104 2
338 442 1
64 211 2
526 838 1
938 988 2
114 168 0
242 305 2
562 753 1
645 817 0
530 665 0
129 185 0
334 346 2
235 445 1
658 846 2
551 780 2
650 907 1
122 212 2
668 832 0
739 956 0
62 468 2
603 833 0
506 942 1
509 738 2
109 215 1
573 959 0
835 983 2
642 795 0
90 296 2
365 439 2
574 945 0
395 486 0
98 229 2
91 291 1
439 492 2
97 370 2
506 834 1
214 432 2
139 377 2
544 814 0
697 920 1
244 322 1
823 864 1
540 875 2
132 228 1
79 460 2
831 943 1
2 337 0
635 839 0
705 953 2
503 655 0
190 285 0
185 410 2
105 399 0
683 976 1
748 871 1
239 404 1
698 764 2
580 725 1
533 561 1
380 450 1
544 620 1
539 810 0
633 728 1
85 140 2
823 953 2
38 233 1
538 645 2
680 770 2
4 140 2
759 966 1
677 980 1
885 952 1
654 772 1
252 422 2
97 217 0
866 894 2
919 924 1
618 787 1
530 725 0
285 365 1
577 886 1
551 835 1
117 283 1
91 336 1
335 422 1
677 702 2
711 801 1
593 786 0
40 87 0
242 486 2
583 882 2
295 496 1
403 433 2
263 415 1
4 404 0
34 164 0
111 167 1
119 306 2
141 233 2
515 542 1
684 939 2
36 499 1
168 331 2
565 977 2
520 741 1
612 961 2
639 766 1
762 996 1
307 437 0
552 882 1
782 787 2
798 910 2
503 611 1
86 288 1
526 664 0
101 144 1
973 994 1
484 497 1
665 693 1
792 838 2
399 421 2
335 446 0
203 452 0
803 959 2
265 327 2
825 844 2
898 985 1
788 848 0
663 964 0
872 991 2
666 918 1
233 236 1
2 132 2
676 714 1
354 468 2
723 967 2
511 699 0
565 912 1
670 731 1
559 803 0
38 136 0
572 762 1
32 299 1
675 920 1
101 413 1
33 215 0
7 61 0
570 870 2
784 869 2
32 297 2
692 791 0
74 356 2
757 819 2
584 862 0
338 492 2
648 817 2
505 531 1
72 327 2
169 246 2
506 728 2
12 430 0
658 713 0
599 850 1
755 949 1
543 624 2
257 404 2
553 799 1
532 611 1
970 995 1
779 806 1
146 497 2
529 668 1
61 133 1
36 144 1
10 334 1
773 778 0
337 395 0
666 848 1
87 222 2
505 576 0
70 301 2
29 215 0
687 996 2
594 617 0
676 690 0
658 792 2
209 254 1
841 885 2
622 971 2
267 456 0
74 184 0
734 757 2
841 908 1
539 954 2
62 442 1
575 922 1
543 890 0
32 210 1
17 73 0
75 444 0
4 376 1
363 432 2
572 795 0
523 996 2
678 947 1
809 905 0
709 785 1
701 985 0
134 456 2
948 954 1
216 420 2
578 876 1
641 680 0
617 861 2
98 139 2
468 478 1
39 55 2
395 396 2
15 233 0
403 434 2
662 746 1
14 285 0
622 845 2
559 718 2
12 213 2
400 423 0
681 949 2
142 406 1
396 426 2
52 488 1
192 334 1
114 469 2
595 697 1
681 746 1
171 189 2
173 267 2
774 829 2
85 202 1
186 335 2
789 910 2
502 620 1
10 191 2
24 102 2
352 489 1
62 329 1
682 734 1
586 781 2
200 400 2
502 798 1
711 727 0
166 381 2
577 708 0
682 819 1
712 741 1
607 649 1
684 754 1
692 750 0
529 672 1
607 744 1
686 983 1
121 484 2
624 869 2
893 943 0
556 890 1
610 629 1
62 63 2
262 452 0
575 652 2
128 295 0
178 194 2
890 992 1
335 466 1
791 928 0
519 727 0
346 452 2
135 459 2
553 861 1
600 959 1
660 731 2
183 244 2
507 745 2
9 423 0
428 474 2
203 493 2
226 474 0
811 916 1
566 817 0
13 26 2
880 961 1
154 184 2
557 834 2
155 370 2
20 369 1
143 232 1
665 722 2
50 387 0
841 912 1
614 892 1
254 259 1
511 561 1
101 321 2
529 583 1
230 396 1
414 424 0
218 374 0
500 619 1
564 955 2
281 317 2
52 466 0
39 109 2
38 290 2
626 910 0
653 820 1
173 354 2
50 410 0
14 40 2
611 635 0
366 426 1
638 645 1
450 485 0
553 752 2
179 227 2
29 125 1
15 355 2
641 805 2
638 881 0
239 345 2
445 491 2
808 903 2
560 668 1
534 782 2
568 730 1
203 455 2
29 237 2
21 310 2
325 355 1
726 967 1
767 791 0
124 451 2
155 494 1
309 356 0
605 872 2
118 465 0
85 108 2
252 264 2
902 922 1
265 302 2
585 924 2
698 887 1
642 660 1
258 444 0
78 180 0
645 880 1
121 357 2
75 83 1
635 774 0
86 238 0
504 665 1
272 335 2
681 853 0
686 737 0
122 362 1
849 969 1
546 642 2
522 773 0
890 989 1
601 642 1
73 272 0
74 261 0
549 564 2
664 808 2
6 289 2
673 977 1
302 416 0
614 741 1
767 898 2
673 727 0
73 257 0
170 406 2
913 953 1
18 259 1
638 755 1
687 759 0
64 124 0
601 755 2
1 328 2
204 316 0
825 961 2
135 367 0
154 373 2
185 480 1
560 798 2
690 783 0
197 326 2
728 867 1
851 863 2
565 708 1
880 909 1
768 800 1
59 117 2
584 976 0
549 714 2
304 471 0
538 988 2
845 985 2
160 354 0
540 973 2
277 335 1
438 460 2
776 979 1
21 224 1
289 293 1
329 383 0
119 292 1
775 889 1
111 259 1
771 879 2
614 949 1
547 643 2
34 389 2
159 300 0
745 844 0
337 440 0
660 724 1
303 442 0
120 152 0
180 301 0
798 906 1
281 405 2
343 476 2
68 307 0
208 295 2
557 597 1
201 407 0
612 621 1
679 910 0
832 933 0
995 997 1
610 902 1
598 745 2
21 415 1
135 408 2
616 962 0
166 404 2
222 418 2
713 935 1
355 407 0
769 843 2
600 777 2
231 382 1
832 885 0
500 965 0
520 732 2
142 407 2
521 910 0
387 417 2
669 769 0
568 936 1
599 650 2
218 339 0
109 169 1
855 913 0
606 737 1
773 821 1
143 190 2
429 470 0
571 959 2
614 835 1
26 209 0
570 779 1
180 307 1
579 887 1
146 285 1
176 355 1
215 236 2
544 702 2
82 411 2
221 389 0
427 428 2
82 99 2
212 220 0
149 349 1
328 481 2
512 811 2
688 855 2
640 715 1
74 111 0
668 847 1
125 456 2
241 296 0
539 818 1
588 801 2
143 233 1
726 966 1
625 930 2
309 406 0
609 983 1
53 350 2
35 214 2
751 919 1
225 364 1
690 917 1
568 755 2
620 956 1
676 893 0
522 524 1
651 862 0
688 881 0
812 934 0
782 973 0
643 905 1
289 446 0
323 396 0
165 483 0
554 889 1
60 446 0
613 682 1
138 325 2
186 393 2
105 174 0
46 370 2
559 832 1
0 360 1
352 357 0
256 495 2
928 972 2
259 442 1
313 486 2
420 428 0
45 146 0
376 403 2
553 746 1
513 705 2
212 496 2
662 736 1
890 931 0
580 630 1
157 192 2
182 420 0
693 941 2
652 674 1
528 921 2
720 930 2
527 874 0
648 915 1
41 445 2
816 846 0
51 479 1
127 215 1
218 395 0
42 286 2
660 727 1
782 884 1
555 750 1
213 382 0
788 797 2
652 836 1
124 448 0
187 247 2
528 997 0
214 448 0
509 773 2
47 426 0
730 766 1
811 975 1
226 436 2
241 407 0
608 701 2
734 975 1
658 869 2
283 496 0
98 473 2
86 430 1
440 445 1
850 925 1
105 234 2
170 226 2
673 919 2
202 423 2
236 280 2
535 553 1
124 229 2
70 82 2
0 55 1
49 486 0
264 426 0
316 362 2
186 211 2
143 378 1
649 925 2
547 980 2
27 468 2
162 225 0
552 969 1
94 392 0
548 971 1
532 959 1
806 847 0
673 949 1
766 846 1
757 953 1
659 661 2
239 345 0
266 314 1
313 376 1
188 275 2
533 733 1
132 479 2
881 988 1
693 805 0
163 481 1
159 318 2
434 493 2
638 647 1
68 122 1
717 748 2
779 905 1
342 414 1
141 249 1
616 635 1
176 378 0
629 958 1
3 465 1
654 803 1
246 418 0
826 920 1
524 816 1
218 484 1
555 760 0
157 395 0
316 403 1
352 497 0
225 376 2
399 462 2
234 331 2
100 222 1
735 818 1
14 386 2
791 983 1
765 865 2
611 766 1
359 483 1
883 990 2
213 426 2
11 460 2
856 957 1
505 552 2
681 766 2
36 325 1
46 340 2
209 273 0
62 90 0
253 319 1
366 431 1
598 938 1
190 419 2
604 690 1
285 401 2
80 356 2
628 944 0
451 485 2
840 890 1
640 952 2
750 865 1
741 935 0
60 141 1
643 730 0
233 422 2
9 300 1
33 458 0
746 865 1
807 871 2
44 61 1
694 944 0
591 697 2
525 886 0
577 672 1
26 379 1
671 785 1
136 208 2
713 981 1
661 728 2
649 827 1
32 441 0
155 278 1
33 305 0
106 486 0
91 146 1
794 984 0
653 976 1
696 861 2
622 697 0
58 119 2
839 879 1
571 729 2
612 628 2
821 882 0
666 757 2
539 915 0
670 702 2
30 466 0
509 721 2
722 956 1
86 126 2
21 26 0
59 445 2
796 885 1
313 330 0
145 166 2
820 905 1
604 968 0
229 467 1
594 667 0
906 950 2
254 323 2
705 834 0
569 637 0
558 631 1
751 785 0
812 823 1
520 890 0
114 175 2
710 947 0
185 409 1
267 351 1
276 492 0
548 729 2
940 942 1
642 771 0
77 426 2
502 541 1
568 746 1
611 659 1
110 315 2
724 971 0
44 473 0
259 349 2
759 866 1
163 469 2
803 977 2
163 301 0
809 944 0
584 843 0
630 653 2
411 427 2
56 424 2
65 317 2
9 93 0
621 624 0
515 566 2
655 792 2
311 472 1
249 268 2
630 754 2
776 786 0
463 484 0
792 945 1
586 838 1
4 303 1
528 592 0
5 148 1
14 294 0
130 277 2
161 314 2
437 487 2
722 946 1
744 998 0
162 206 1
246 283 2
215 375 1
6 245 2
686 897 1
323 403 2
554 925 2
274 288 2
682 876 0
527 621 0
164 343 0
531 799 2
339 402 0
732 806 0
697 727 1
34 407 0
334 435 2
612 711 0
854 855 1
229 459 0
802 861 2
164 421 1
300 432 1
108 255 2
542 927 2
844 848 0
908 965 1
55 119 1
31 140 0
116 469 0
554 761 1
717 975 0
92 280 2
8 219 2
153 301 0
202 369 2
724 833 2
766 914 2
262 308 1
559 678 2
52 111 2
241 331 2
503 580 0
95 453 1
321 465 1
746 836 1
37 97 2
22 297 2
593 655 1
146 227 0
596 768 1
223 496 2
720 973 1
929 990 2
962 974 2
196 237 2
70 83 2
305 322 2
796 823 1
616 779 0
762 949 0
530 776 1
634 679 1
873 922 1
616 969 1
132 326 2
535 989 2
420 471 1
44 158 2
125 357 1
676 947 2
269 370 0
337 458 2
30 160 1
809 881 0
581 855 2
94 396 2
691 793 1
538 556 2
895 901 1
505 971 1
750 982 1
612 617 1
609 798 2
50 412 0
79 449 2
28 397 2
550 806 1
333 494 2
30 156 2
679 914 1
763 855 1
76 438 2
47 201 2
711 928 1
336 372 1
140 398 2
561 897 2
540 886 1
648 958 1
640 749 1
119 366 1
204 320 0
167 213 1
947 959 1
124 298 2
872 911 1
235 289 2
667 963 0
714 979 1
55 155 2
723 913 0
162 425 2
40 109 0
80 231 1
554 689 1
863 947 0
98 240 2
208 333 0
670 958 2
159 296 2
755 928 0
514 612 1
228 315 2
3 383 2
501 693 2
30 189 0
25 36 2
534 644 1
5 481 2
104 384 0
62 292 2
508 617 1
300 431 1
748 879 2
609 820 0
402 432 1
531 823 1
926 937 1
337 429 0
711 802 1
364 429 0
21 441 2
167 455 2
7 490 0
637 883 1
49 379 2
923 980 1
528 770 1
558 905 2
527 861 1
126 431 0
549 872 1
546 886 1
671 979 2
935 941 1
553 910 0
325 351 2
216 254 2
81 105 1
45 250 1
58 317 2
110 457 2
99 305 1
659 672 1
340 460 0
668 970 1
67 158 2
535 646 1
133 147 1
6 226 1
797 815 1
935 948 0
100 161 2
129 131 1
752 807 1
559 867 2
45 55 2
2 298 1
291 423 0
71 95 1
266 468 2
73 456 2
633 792 2
753 760 2
644 725 0
207 236 1
190 306 2
713 888 2
353 415 2
2 274 2
102 216 0
891 922 1
203 353 1
510 931 1
348 444 2
937 944 2
930 998 1
688 782 1
539 567 1
188 492 0
314 328 0
843 969 0
656 742 1
267 293 0
630 928 0
136 393 2
360 369 1
118 459 1
147 390 2
676 981 0
966 996 1
954 995 1
668 850 2
19 117 2
697 933 1
625 740 1
154 186 0
86 350 2
174 248 2
584 590 1
126 243 0
605 852 2
330 499 1
635 879 0
150 334 2
519 593 2
712 850 1
244 453 0
163 175 0
273 294 2
42 252 2
529 757 0
512 660 1
571 717 1
207 297 1
649 971 1
77 481 2
438 441 2
228 335 2
594 761 0
655 924 2
732 945 1
226 460 2
787 795 1
663 824 2
167 204 1
301 470 1
41 96 2
798 816 1
688 757 0
749 967 1
182 375 2
781 990 2
532 725 0
610 996 0
691 832 1
49 59 1
176 425 0
723 952 1
138 221 0
703 750 1
684 972 0
254 281 0
619 869 0
21 22 0
442 488 0
281 407 2
140 401 0
260 435 1
529 709 2
592 894 1
68 368 1
662 868 0
843 890 1
601 746 2
152 445 1
162 496 2
759 889 1
100 125 2
700 879 0
577 702 2
813 865 1
803 814 1
725 997 2
534 596 2
196 383 2
543 676 1
777 865 0
285 485 1
804 902 1
294 476 0
706 786 1
546 887 1
508 617 0
581 721 1
612 735 1
527 906 1
24 221 2
151 235 1
134 453 0
234 328 2
544 597 2
518 820 1
535 800 0
132 333 2
614 655 2
223 414 2
349 490 2
386 413 0
792 964 1
701 958 1
2 159 0
540 932 0
231 480 2
747 867 1
143 489 2
118 400 2
582 679 0
544 563 1
651 790 1
738 916 0
88 210 2
726 734 1
93 425 0
590 727 0
554 890 0
298 343 1
695 746 0
160 476 1
97 226 2
13 288 0
299 336 0
665 973 1
193 343 1
179 482 1
323 375 0
76 259 2
527 957 0
53 192 1
219 304 0
579 916 1
360 403 2
743 936 0
846 961 2
548 645 2
727 939 1
80 144 2
791 839 2
544 976 1
578 800 1
385 454 2
142 254 0
57 296 1
617 638 1
740 840 0
771 975 1
223 473 1
734 929 2
326 428 2
847 866 1
521 564 2
508 937 1
42 335 2
681 830 2
236 465 0
593 806 1
587 750 2
591 957 2
32 492 2
13 284 2
779 816 2
559 936 2
14 440 2
143 202 1
597 927 0
642 834 1
711 901 2
272 485 2
748 852 0
133 138 1
17 431 2
224 242 2
559 976 0
754 904 1
275 319 0
618 878 0
2 268 0
283 365 2
683 827 1
535 968 1
820 868 0
650 942 0
19 92 2
241 357 0
543 782 2
165 185 2
692 778 1
562 740 2
1 96 2
723 869 2
320 339 0
233 366 1
68 120 0
895 951 2
598 963 2
54 296 2
538 793 1
172 369 2
563 827 1
823 958 0
584 909 1
648 930 0
587 914 2
747 981 0
523 806 2
76 483 1
403 466 1
6 183 2
688 923 0
177 262 1
875 882 2
507 609 1
652 662 0
668 909 0
619 931 1
128 415 2
636 719 0
584 709 0
674 870 0
508 791 0
899 972 0
16 445 0
7 359 2
26 137 1
196 399 2
791 985 1
9 351 1
