2000 4000
433 1161 1
245 1062 1
8 1915 1
985 1331 1
1400 1598 1
72 129 0
565 905 0
492 1214 1
48 665 0
45 1487 1
231 1715 1
299 719 1
1256 1624 0
703 1400 0
269 1131 1
379 1171 1
23 185 1
852 1751 1
698 1839 1
1309 1337 1
522 804 1
1334 1411 1
528 1616 0
543 659 0
636 1414 0
167 849 0
254 1225 1
142 284 0
1303 1347 0
1622 1990 1
661 1148 0
338 648 1
248 1567 0
1475 1793 1
1836 1938 0
83 1143 0
1782 1875 0
1399 1466 0
1721 1936 1
676 1116 1
998 1393 1
375 1272 0
294 1660 0
186 1961 1
422 696 1
1392 1841 0
285 1084 1
21 1387 0
432 1948 1
1185 1706 0
158 704 0
56 220 0
738 1303 0
541 1085 0
1280 1577 0
548 684 0
1061 1242 1
223 371 0
1388 1623 1
1196 1521 0
604 1105 0
245 1092 0
99 155 1
507 1687 0
390 970 0
1427 1809 1
267 1130 0
192 560 1
1321 1352 1
156 1368 1
740 1037 0
176 1480 1
1116 1924 1
750 1505 1
390 1688 0
1811 1977 1
234 1198 1
209 1702 1
1141 1845 1
1588 1652 1
564 1747 1
55 803 0
12 296 0
795 1171 0
393 1247 1
280 1767 1
602 1691 1
493 1907 0
885 1951 1
133 1691 1
438 1675 1
895 1844 1
147 300 0
124 936 0
872 1404 1
962 1490 1
432 1161 1
168 198 0
456 731 1
980 1317 1
0 1368 1
1019 1765 1
320 419 0
1138 1742 1
82 1772 0
1340 1621 1
1682 1984 0
1205 1366 0
1258 1986 1
1415 1550 1
653 1227 0
605 1216 1
560 598 0
6 367 1
488 1416 0
1395 1967 1
658 1084 0
108 535 1
429 1889 0
379 1971 0
1078 1928 0
901 1024 1
193 612 0
230 1329 1
324 914 0
742 1921 1
874 1440 0
719 1596 1
166 738 1
1060 1156 0
843 1779 1
653 1466 1
88 1110 1
1562 1864 0
152 395 1
644 1336 1
670 1629 0
1274 1324 0
1146 1831 1
1303 1426 1
353 1194 0
349 1359 1
164 621 1
450 1631 1
579 1851 0
790 1158 1
867 1761 1
478 1604 0
409 1549 0
166 1285 0
1227 1783 0
0 158 0
706 1923 1
1374 1485 1
233 1717 1
34 39 0
72 1033 1
499 1988 0
1433 1614 1
604 881 1
856 1328 0
1757 1859 0
646 1107 1
337 1200 1
1198 1310 1
201 1453 0
1164 1302 1
623 772 0
609 914 0
142 1642 1
859 1222 1
319 1582 1
856 1122 0
68 190 1
349 733 1
200 1577 0
21 757 0
925 1685 0
888 1608 1
234 451 0
571 746 0
94 1486 1
518 867 1
1048 1087 1
1196 1843 1
1372 1731 0
608 1801 0
196 269 1
1553 1894 1
322 1708 0
525 1793 1
490 520 1
300 1594 0
1531 1679 0
631 1344 0
1593 1864 1
1508 1796 1
1416 1956 0
1153 1442 0
1532 1963 1
1681 1906 0
784 1972 0
584 1148 1
815 1434 0
1088 1684 0
614 1293 0
841 1115 0
403 771 0
11 1277 0
1103 1340 0
704 1275 0
583 1670 0
206 1175 0
1385 1585 0
666 1714 1
67 1202 0
303 545 0
831 1808 1
1014 1078 1
699 747 0
344 1924 0
95 1735 0
813 1941 1
1103 1878 1
547 651 0
31 1880 0
759 1957 0
1026 1230 1
1300 1917 0
896 1484 0
1054 1430 1
109 1713 0
829 1384 0
1035 1896 1
612 1523 1
494 1653 1
1075 1412 1
625 876 0
45 769 0
1655 1741 0
6 437 0
303 491 1
987 1197 1
1110 1765 0
79 1040 1
522 946 1
911 1886 0
9 1976 0
165 1827 0
874 970 0
469 559 1
497 1423 0
998 1556 0
114 396 0
457 748 0
56 1529 1
1532 1965 0
1014 1481 0
314 674 1
1693 1805 0
1468 1667 1
500 1541 0
732 1304 0
470 1318 1
560 1146 1
1104 1934 0
198 1661 1
47 817 0
331 729 0
933 1600 1
410 825 1
703 1632 0
1149 1709 1
305 1190 1
976 1659 0
171 1814 1
95 1917 1
1343 1724 1
533 1803 1
1280 1615 0
555 1341 0
485 1855 0
824 890 0
839 907 1
128 1568 0
1194 1910 1
244 381 1
431 1212 0
684 1844 1
530 538 1
679 1266 0
1301 1430 0
408 1335 0
17 609 0
32 597 0
343 1052 0
354 1581 0
734 1310 0
291 325 1
1153 1547 1
1453 1585 0
675 1599 1
1611 1630 1
961 1273 1
635 742 0
183 907 0
580 1776 1
190 800 0
59 1054 1
367 1746 1
25 1515 1
1044 1582 1
412 1948 0
1058 1917 0
588 757 1
1129 1200 0
304 910 1
905 1739 1
1599 1944 1
1771 1843 1
786 988 1
1471 1566 0
455 1123 0
630 1365 0
324 960 0
1711 1874 1
872 1706 0
23 45 0
437 487 1
678 1009 1
180 1346 0
233 976 0
1378 1703 0
942 1812 1
486 830 0
166 1806 1
1449 1773 1
233 486 1
140 1429 0
506 1288 1
1090 1982 1
914 1116 1
1102 1155 1
834 1626 1
648 1557 0
275 1089 0
449 1720 0
806 1666 1
1296 1909 1
1253 1456 0
756 1483 1
590 1853 0
863 1553 1
398 1631 0
789 1529 1
442 739 0
1042 1479 0
109 1886 0
509 772 0
79 803 1
1073 1232 1
37 1154 0
67 832 1
925 1900 1
807 876 1
899 1828 1
1401 1884 1
46 205 0
1510 1818 0
339 868 1
383 626 1
940 1957 1
1815 1881 0
449 779 0
183 1624 1
479 1599 0
309 1464 1
466 1877 0
1165 1969 1
545 1686 1
1655 1745 0
564 963 0
94 1188 0
388 1284 0
1002 1993 0
1420 1844 1
1396 1504 1
534 1614 1
1377 1689 1
639 692 0
570 1062 0
1362 1827 0
1501 1663 0
484 498 1
263 1666 1
1662 1964 1
1557 1612 0
1097 1868 0
320 698 0
389 1163 0
530 1248 0
253 423 1
1209 1489 0
3 868 1
67 1722 1
530 1387 1
950 1998 1
168 873 0
317 971 1
535 865 0
241 426 1
1035 1568 0
741 1747 0
897 1731 1
1712 1845 1
789 1227 1
65 796 0
1112 1691 0
361 1778 0
1119 1831 1
287 1032 0
602 1294 0
975 1517 1
1150 1410 0
202 1508 1
999 1263 0
1515 1974 0
954 1865 0
749 847 1
756 1599 0
1511 1805 0
469 1460 0
1045 1734 0
92 1131 0
368 758 0
1441 1544 0
1568 1972 0
1485 1641 0
1299 1995 1
814 1469 0
392 1010 1
443 1223 0
372 1749 0
159 1787 0
634 1017 1
127 1909 1
69 476 1
1583 1982 0
26 1430 0
468 1315 1
1086 1931 0
485 1169 0
1311 1748 0
251 1791 0
896 1717 1
756 1190 1
571 1944 0
324 904 1
461 882 1
123 1409 1
857 1372 0
1055 1548 0
125 1875 1
1592 1825 1
462 1627 0
69 960 0
613 1627 1
1144 1450 0
293 920 1
657 1042 1
207 310 1
210 1472 1
837 915 0
205 605 1
1469 1975 1
967 1181 0
615 702 1
682 1397 1
1899 1936 1
533 1700 0
116 162 1
315 1781 1
172 762 0
885 1805 1
31 1503 0
601 800 0
236 742 0
1562 1758 0
161 223 0
381 1067 0
1586 1710 1
117 1160 0
1164 1250 0
934 1420 0
1182 1360 0
411 564 0
251 1313 1
1336 1576 1
1047 1366 1
372 388 0
861 1627 1
1236 1983 1
1643 1892 1
402 1979 1
1429 1521 1
794 1873 0
89 1431 0
215 342 1
1029 1743 0
35 276 1
1598 1633 1
238 1990 0
216 1692 1
129 1672 1
1198 1935 0
743 1949 1
881 1367 1
49 933 1
387 748 0
503 1435 1
875 1003 0
126 1587 0
2 1285 0
1728 1985 1
57 1726 0
560 1094 1
470 1121 1
1423 1534 1
70 782 1
901 1325 0
72 972 1
89 1870 0
485 1796 0
582 1497 1
1501 1587 1
913 1849 0
261 1428 1
386 1539 0
315 793 0
879 1024 0
900 984 1
1416 1566 0
507 1256 0
18 1354 0
919 1670 0
375 1528 1
1673 1680 0
992 1445 1
881 1692 1
751 1812 0
332 827 0
992 1608 0
468 1037 1
3 829 1
1550 1949 1
989 1326 1
363 1891 1
190 510 0
1667 1878 0
939 1504 0
708 1540 0
197 840 1
1514 1947 1
15 1104 1
19 1362 1
1687 1848 1
1419 1525 0
1 1110 0
1267 1625 0
1612 1689 0
1187 1957 0
971 1148 1
273 1207 0
1533 1569 1
823 870 1
1329 1555 0
33 714 1
334 637 0
336 791 0
496 988 0
1560 1770 1
490 1070 0
978 1117 1
481 1346 1
1550 1862 1
559 1716 0
372 1200 0
396 1093 1
712 776 0
973 1651 0
1297 1523 0
685 992 0
413 1053 0
288 1920 0
954 1909 0
1356 1962 1
961 1742 0
2 459 1
1252 1497 0
213 1316 1
640 1937 0
1157 1429 0
900 1483 0
455 851 0
1784 1798 1
992 1170 0
1498 1781 1
204 1099 1
1447 1707 0
136 1820 1
1373 1791 1
70 759 0
937 1330 1
410 1766 0
596 1645 1
1695 1911 1
522 1637 0
19 93 0
672 683 1
469 1101 1
904 964 0
94 410 0
470 1652 1
407 1345 1
1014 1454 0
149 209 1
590 941 0
1140 1469 0
541 1473 1
1417 1606 0
963 1641 1
933 1214 0
1319 1611 1
688 1700 1
662 1863 0
580 950 0
1500 1970 0
474 553 0
284 853 1
1279 1682 1
862 1946 1
687 1656 0
1538 1740 0
1006 1409 0
581 1456 1
646 1495 1
189 526 1
213 674 0
776 1312 1
584 1220 0
1059 1198 1
242 1184 0
1391 1432 1
874 1213 1
381 585 0
10 759 0
49 1080 0
1221 1503 0
115 1637 1
239 505 1
936 1377 1
105 1424 1
1509 1805 0
473 738 1
436 820 0
364 711 0
22 921 1
182 1667 0
713 1001 0
272 1376 1
978 998 0
500 1468 0
847 1640 0
71 1505 0
444 1699 1
513 1617 0
114 482 1
388 1210 0
853 1003 0
413 592 0
320 824 1
775 1743 0
906 1259 1
575 815 1
833 916 0
557 605 1
303 1538 0
444 1480 0
71 518 0
372 768 1
364 1498 0
781 1735 0
65 1191 1
455 540 1
101 1442 1
499 648 0
777 1620 0
264 712 0
335 1560 0
590 1973 0
14 1623 1
182 1312 1
823 1348 1
20 790 0
128 135 1
1586 1677 0
1298 1584 1
625 928 1
42 1475 0
349 1740 0
785 1133 0
289 753 1
1416 1529 1
351 1017 0
396 1903 1
699 725 1
760 1357 0
103 281 0
1116 1261 0
681 1959 0
341 1217 0
619 1645 0
991 1961 1
1214 1950 1
532 1804 1
79 659 0
326 394 0
22 1656 0
779 1245 1
1597 1756 0
1101 1270 1
169 1867 0
982 1016 1
1324 1592 1
303 1406 1
276 1049 1
501 1341 1
1408 1989 1
1141 1613 0
285 1944 1
765 1169 1
808 1598 0
1618 1854 1
1159 1991 1
1647 1685 0
385 1960 0
80 1722 0
271 869 0
539 1130 0
282 1358 0
1473 1574 0
787 1661 0
244 290 0
755 991 0
506 670 0
890 1788 1
197 1498 1
169 465 0
764 1675 1
62 829 0
434 1226 1
78 1701 1
1683 1762 1
303 1933 1
1197 1368 0
615 1808 0
1656 1711 1
563 730 0
251 1330 0
121 895 0
257 439 0
1486 1503 0
647 1096 1
1263 1789 1
852 1864 2
1117 1776 1
541 1043 1
43 78 0
408 1797 0
366 935 0
1265 1393 0
1200 1274 0
1239 1288 0
98 1533 0
118 1716 0
83 521 1
596 1989 0
1770 1915 1
625 1752 1
892 1821 1
759 1260 1
724 785 1
117 1054 1
319 556 0
5 1438 1
162 1900 0
32 1000 0
882 971 0
606 613 0
327 477 0
106 1750 1
1791 1964 0
585 1301 0
227 1723 0
731 1162 0
1064 1118 0
1065 1212 1
203 616 0
17 1904 1
379 1931 0
811 1959 1
273 444 1
448 1911 1
75 1950 0
407 1848 0
230 1426 0
279 1864 1
583 846 0
933 1390 1
465 1353 1
427 1980 0
1456 1934 1
300 508 1
741 1970 1
14 620 0
266 1635 1
106 690 0
259 270 0
1141 1389 1
151 952 1
404 1383 1
316 570 0
869 1308 1
153 464 0
1340 1980 1
208 265 1
465 572 1
705 1869 1
1683 1961 0
136 1558 1
54 1141 0
485 1033 1
1054 1228 1
403 853 0
168 1238 0
810 1977 0
804 1596 0
341 905 1
41 137 0
1620 1640 0
348 1544 1
605 935 0
513 1482 0
290 1836 1
553 953 1
475 1705 0
662 1660 1
91 1540 1
1071 1763 0
1543 1651 1
631 1412 0
9 1939 0
363 1800 1
229 873 0
897 1623 0
145 1662 0
1668 1700 0
1588 1942 0
847 1437 0
636 1553 0
53 1791 0
328 1645 1
815 989 0
216 773 0
978 1436 1
784 1449 1
446 1642 0
1186 1931 1
282 1625 0
771 1876 1
712 931 0
367 1323 0
341 672 0
295 1100 0
301 1697 1
275 1215 0
1004 1382 0
482 1501 0
511 1196 0
1674 1719 0
1125 1408 0
1853 1896 1
61 1636 1
66 1392 1
583 1444 1
686 1150 0
161 218 0
852 1636 0
1542 1824 0
385 1306 0
677 1352 0
628 930 1
1034 1131 1
987 1816 1
148 573 0
99 1959 0
995 1129 0
686 1580 0
1600 1873 0
701 1149 0
146 1448 1
183 1342 1
340 456 0
516 1570 0
1272 1674 1
493 1358 1
829 1220 1
61 434 1
578 980 0
1178 1647 1
194 1225 0
557 724 0
14 743 1
610 1918 1
628 1055 1
438 797 0
59 811 0
1516 1861 1
1211 1665 0
720 1808 1
761 916 0
215 832 0
558 1870 0
111 1357 1
1388 1821 0
447 566 0
714 1134 1
935 1379 1
1228 1949 1
313 835 0
452 968 1
393 1948 0
169 265 1
691 707 0
1241 1348 0
425 1496 0
144 482 1
1536 1619 1
766 1520 1
1011 1284 0
133 1719 1
1637 1863 1
384 1177 1
1314 1941 0
1310 1451 0
115 247 1
313 1354 1
294 1978 1
357 1676 0
1045 1244 1
1113 1540 1
1054 1437 0
1658 1839 0
1363 1803 1
76 1231 0
1621 1800 0
449 986 1
135 1960 1
23 700 0
567 1445 1
407 1543 0
513 1493 1
1824 1829 1
934 1884 0
540 643 1
1172 1989 0
594 1652 0
445 1268 0
313 405 1
487 1010 1
1186 1564 0
165 1668 0
37 887 0
261 1224 1
729 1285 1
613 930 1
754 1107 0
489 518 1
562 1269 0
576 654 1
832 1811 1
271 336 1
444 1860 0
1064 1435 1
141 1908 1
391 1567 1
1005 1652 0
104 1718 1
97 1496 0
1463 1727 0
1389 1589 0
463 727 0
777 1028 0
922 1838 1
1038 1792 1
489 1992 1
89 533 1
1497 1542 1
505 1508 0
410 1229 1
1386 1455 1
1891 1897 1
221 1860 1
201 864 1
332 335 1
855 1846 1
380 1981 0
1195 1788 0
247 841 1
776 1702 0
723 1482 0
865 1442 0
566 1474 0
488 792 1
1037 1686 0
1604 1643 1
495 1832 1
622 1867 0
444 1809 0
107 349 1
322 1015 0
128 1074 1
522 1578 0
1370 1448 0
1607 1727 0
1244 1480 1
435 1859 0
306 805 0
1558 1911 1
512 1975 0
515 872 1
358 1237 0
1528 1765 1
803 1890 1
1297 1418 1
511 1509 1
1051 1541 1
988 1395 0
1454 1595 1
1013 1978 0
1126 1372 0
522 1980 1
162 1040 0
227 1081 1
246 1007 1
1522 1671 0
7 1849 1
13 728 1
36 257 1
249 1558 1
1536 1704 1
1197 1510 1
398 1122 0
825 1862 1
652 669 0
484 1597 0
389 1986 0
1326 1653 1
328 1365 1
1336 1337 0
1024 1140 0
1265 1661 0
904 1505 1
343 363 0
1687 1930 1
389 1488 0
1405 1741 0
721 1792 1
338 1616 1
1104 1620 1
277 394 0
21 528 1
875 1008 1
263 969 0
1610 1761 0
617 1273 1
707 1357 0
515 1508 0
302 1007 0
91 845 1
1418 1620 0
1284 1547 1
1160 1768 0
388 536 1
705 1045 0
813 836 0
927 1521 1
174 1086 1
301 534 1
604 1578 1
89 1270 0
61 99 1
745 952 0
1133 1845 1
113 974 1
507 1546 1
587 1554 1
1144 1853 0
855 859 1
1275 1797 1
854 1641 1
803 1304 1
10 258 0
220 717 0
1 119 1
306 325 1
156 1025 0
156 982 0
743 1874 1
25 1966 0
524 1055 1
1508 1678 0
1505 1635 0
332 1033 0
410 828 0
1511 1922 1
1239 1558 0
1242 1465 1
1476 1642 1
495 1329 0
1516 1986 1
1085 1960 0
4 1520 1
234 504 1
90 245 0
84 1792 0
61 534 0
194 1806 1
81 841 1
544 772 0
930 1079 0
27 1102 1
1119 1247 0
539 1125 1
111 871 1
59 252 0
853 1167 1
888 1039 1
148 1587 1
757 921 0
38 556 1
218 1181 1
23 1262 1
1617 1685 1
883 1162 0
1550 1786 1
689 1452 1
931 1180 1
841 1464 0
700 1847 1
903 1940 0
611 1901 0
575 1746 1
1061 1602 0
366 1466 0
718 1810 1
1089 1780 1
1475 1793 2
549 1218 0
480 696 1
98 1478 0
224 1465 0
1135 1147 0
71 601 1
353 1057 0
193 1671 1
54 357 0
1109 1763 0
771 1885 1
1639 1668 0
1343 1496 0
133 1373 0
1696 1819 1
53 1079 0
59 1306 1
3 1050 0
295 1539 1
331 398 0
1773 1851 0
434 934 0
969 1212 0
778 1549 0
1055 1998 0
534 1403 0
474 1967 1
97 1367 1
673 1464 0
1024 1872 1
440 1180 0
298 542 1
754 1732 0
582 1837 1
250 1264 1
379 680 0
136 1149 1
505 751 0
167 1022 0
1482 1962 1
55 174 1
397 1809 0
638 1204 0
781 1474 1
181 1287 0
198 298 1
291 878 1
249 355 0
1369 1791 1
358 388 1
649 1696 0
290 1926 1
124 1576 0
289 1032 1
1099 1747 0
1146 1855 0
435 1660 0
339 1566 1
1162 1997 0
1366 1655 1
335 520 1
1170 1973 1
1233 1725 1
1324 1968 0
953 1453 1
1032 1449 0
929 1535 1
121 734 1
1000 1542 1
78 144 0
419 1736 0
851 1871 0
903 1455 1
13 1073 0
361 1562 0
642 1760 0
255 965 0
1485 1933 0
60 116 0
336 1289 0
1399 1901 1
111 589 0
896 1254 0
310 1414 1
1030 1090 0
152 1592 0
1221 1488 0
117 1875 0
362 1871 1
671 983 1
730 836 0
455 626 0
139 975 1
791 1017 1
467 914 0
224 1844 0
578 1243 0
921 1538 1
1193 1705 0
301 1776 0
743 955 1
913 1766 1
1320 1607 1
695 702 1
197 1179 0
1278 1823 1
314 661 0
532 1010 1
282 533 1
802 812 1
931 1604 1
49 242 0
435 1395 1
435 1775 1
330 785 0
1208 1277 0
609 1241 1
1212 1331 1
1203 1568 0
83 1246 0
1703 1779 1
1077 1425 1
893 1851 1
757 959 0
433 1354 0
1938 1973 1
1049 1529 0
649 881 0
915 1125 0
945 1503 0
1254 1467 0
243 372 1
802 1465 0
1183 1769 1
685 1702 0
403 1386 1
169 1925 0
1007 1041 0
422 767 0
870 1073 0
1400 1910 0
1793 1983 0
768 1066 0
960 1123 1
737 1785 0
575 873 0
127 389 0
1053 1677 1
433 482 0
856 1192 0
656 1714 1
609 1240 0
1914 1918 1
1637 1781 0
908 1501 1
725 1835 1
405 537 0
1 77 0
203 752 1
1093 1376 1
553 1197 0
143 177 0
550 734 0
329 1681 1
130 1847 1
1426 1849 0
304 1494 1
53 581 0
1336 1945 1
123 1023 0
984 1513 0
4 76 1
131 964 0
306 1023 0
425 804 0
307 1954 0
35 1281 0
1108 1136 0
29 215 0
1070 1244 1
1057 1380 1
18 235 0
396 1214 0
1123 1364 1
241 1068 1
1252 1636 1
586 1036 1
917 1094 1
165 962 1
748 1020 0
1207 1390 0
626 1491 1
1240 1776 1
1241 1475 0
1310 1943 0
912 1761 0
826 1410 0
475 1291 0
1706 1728 1
557 1069 0
17 692 0
143 1226 0
183 1817 0
339 366 1
146 1256 1
112 1249 1
135 886 1
1823 1979 0
987 1714 0
574 1373 0
1612 1831 1
311 511 0
215 1686 1
1239 1801 1
1337 1590 0
381 1947 1
614 1259 1
331 332 1
1081 1657 0
1039 1774 0
1228 1439 0
989 1921 1
8 1555 0
1105 1714 1
84 1745 0
1615 1940 1
564 968 0
1448 1604 1
6 1976 1
1309 1646 0
303 783 1
1386 1556 0
1471 1695 1
34 1569 1
641 1540 0
575 1019 0
1002 1631 1
439 1759 1
946 1394 0
303 922 0
386 1466 0
199 502 0
269 298 0
290 1927 0
167 1281 1
240 368 0
1136 1183 0
679 1369 1
1189 1438 0
885 1985 0
286 1698 1
755 1287 1
846 1804 0
21 701 1
867 1761 0
402 1374 0
236 1820 0
214 1446 1
374 788 0
602 1084 0
716 1166 0
73 1976 0
549 563 1
1530 1761 1
1235 1532 1
1078 1313 1
362 966 0
296 1930 0
601 1447 1
894 1694 1
677 1828 0
588 951 0
108 736 0
1211 1994 0
244 416 0
767 1936 1
500 1988 1
83 1407 0
476 1617 0
660 1897 1
570 1215 1
1349 1443 0
599 888 1
663 1430 0
421 1068 1
1217 1920 0
649 1155 1
596 918 1
582 1317 0
661 1865 1
224 1799 1
746 1840 0
1735 1878 1
522 785 1
793 1306 1
1012 1614 0
418 1592 0
996 1343 1
1127 1908 0
464 1636 0
965 1194 1
969 1736 1
501 1393 0
246 929 0
1171 1819 1
328 461 0
789 1792 0
32 901 1
1487 1572 0
971 1442 0
1269 1373 1
170 479 1
45 1476 0
242 1345 1
187 1890 0
266 1484 1
618 1095 0
489 805 0
96 1192 1
713 1925 1
444 1313 0
1197 1443 1
409 1524 0
557 712 1
438 1024 1
1591 1865 0
1411 1800 1
236 362 0
430 1138 0
133 1782 1
352 1804 1
859 1131 1
105 1661 1
470 858 1
1575 1688 1
1144 1905 1
274 1328 1
1630 1724 0
87 1945 0
2 465 1
517 897 0
108 190 0
1517 1810 1
437 1790 0
2 382 0
9 1094 0
1891 1987 0
820 1007 1
1234 1734 1
876 1537 1
1124 1515 1
377 1782 0
1009 1049 0
1498 1756 0
1061 1241 0
51 1905 0
317 1941 1
90 1857 0
1162 1566 1
464 1869 1
551 1809 1
70 243 1
1023 1084 1
209 925 0
868 1030 1
399 504 0
400 1750 0
373 1241 1
171 1358 1
671 1322 0
99 305 0
669 1157 1
99 778 1
231 1014 1
295 707 0
99 1077 1
326 1990 1
102 1583 0
308 943 1
318 1308 0
1081 1274 1
392 668 1
1374 1860 0
828 1106 1
624 714 1
126 708 1
1075 1605 1
475 1333 1
178 718 0
1807 1919 0
126 1389 1
105 1726 0
54 566 1
898 1379 1
384 1257 0
8 1672 0
706 1619 1
228 525 1
1120 1398 0
611 1621 1
211 467 1
1580 1581 0
1858 1941 0
774 1768 1
1268 1579 1
236 1690 1
1595 1712 0
1007 1676 1
930 1877 0
1208 1588 1
454 1818 1
1163 1322 1
855 1129 0
1369 1867 0
425 1650 1
1267 1638 1
206 1777 1
1058 1127 1
481 1020 0
633 1713 0
1445 1628 0
4 486 0
290 1646 0
1253 1491 1
476 790 1
1027 1421 1
490 702 0
160 622 1
854 1689 0
967 1531 1
467 1613 1
1524 1719 1
92 1936 0
445 1427 0
214 1680 0
816 1095 1
289 950 0
254 1741 1
1281 1779 0
1439 1711 1
881 1036 0
109 431 1
1451 1698 0
968 1072 1
684 1573 0
542 800 1
219 1039 0
249 1648 0
209 284 0
764 1895 0
202 1460 1
175 1248 0
1309 1754 1
614 1493 1
539 684 0
379 1526 0
65 1823 1
274 684 0
79 782 0
269 595 1
1438 1506 0
1224 1764 1
486 1349 1
1482 1856 0
397 1295 0
880 1804 1
624 1206 0
996 1564 1
816 1720 1
654 1190 0
447 1519 0
113 1764 1
1840 1928 0
212 486 1
921 997 0
98 1934 1
1113 1157 1
791 1094 0
510 683 1
1136 1857 0
390 954 1
900 1622 0
491 970 0
360 1683 0
1040 1361 1
963 1342 0
721 1804 0
18 689 0
737 1922 1
204 1033 1
920 1807 0
106 1474 1
166 1613 0
1207 1349 1
195 1607 1
13 286 0
277 300 1
221 499 0
1458 1958 1
702 948 1
1051 1121 1
461 1303 1
838 1615 1
838 1610 0
329 1705 0
500 1962 0
1092 1769 1
199 1219 0
1557 1668 0
461 1396 0
1428 1602 0
359 1401 0
589 1025 1
130 1445 1
694 1271 0
298 1949 0
630 1584 0
199 1287 1
206 1568 0
1318 1700 0
1227 1878 1
459 958 0
357 798 1
345 933 0
83 138 1
524 1244 0
283 1979 1
383 560 0
9 576 0
947 1549 0
734 900 1
1853 1914 0
405 1137 0
543 1132 1
752 1815 0
641 1893 1
1889 1902 1
158 1806 0
552 700 1
385 740 1
1808 1934 1
218 450 1
1527 1623 1
758 1555 0
30 1752 1
1203 1816 1
457 550 1
857 981 0
797 1726 1
1127 1794 0
274 487 0
791 1872 0
221 1151 1
233 1211 1
44 1421 0
226 1280 1
720 1754 0
18 647 1
1376 1582 0
592 1902 1
436 1842 1
157 1934 0
1063 1980 1
1501 1674 1
82 1882 1
613 1842 1
1704 1756 1
1096 1848 0
208 904 0
259 1594 1
864 1554 0
130 817 1
1078 1299 1
475 656 0
363 963 0
92 113 1
1772 1826 1
1142 1528 0
291 1948 0
1615 1812 1
791 1637 0
727 1282 1
267 1531 1
659 1248 1
606 1549 1
1160 1805 1
965 1237 0
390 552 0
172 610 0
38 49 0
1740 1822 1
1606 1851 1
244 540 1
777 1493 1
775 894 0
229 779 1
1291 1598 0
890 1995 0
371 1163 1
428 1123 1
1139 1390 1
1813 1830 1
1173 1562 1
363 1313 0
1054 1447 1
1392 1625 0
951 1831 0
681 1413 0
816 1784 1
1639 1713 1
1164 1913 0
1151 1958 0
1481 1999 1
1184 1953 0
1210 1935 0
260 341 1
1166 1745 1
122 427 1
146 653 0
729 883 1
173 1750 0
1658 1689 1
101 138 0
482 1908 1
370 768 1
1187 1200 1
560 1899 0
24 1699 0
1276 1617 1
535 687 0
819 1418 1
209 493 0
1256 1421 1
71 1301 0
731 1467 1
1223 1385 1
547 1317 1
252 1327 0
1291 1344 1
888 1829 0
1419 1422 1
1119 1464 1
481 1395 1
4 573 1
1341 1501 0
723 1381 1
247 333 0
110 185 1
257 1777 0
374 443 0
1051 1446 0
186 409 0
1323 1558 0
320 885 1
73 629 0
636 1087 1
16 664 1
473 862 0
318 1477 1
832 1251 1
1071 1834 1
719 973 0
131 1181 0
850 1573 1
335 1206 0
1441 1705 1
532 560 1
1658 1888 1
1272 1964 0
466 1939 1
809 1242 0
1241 1997 1
1510 1935 1
916 1574 0
32 1320 0
757 1720 1
193 1788 1
1351 1362 0
1484 1852 1
160 634 0
902 1793 1
996 1917 1
1462 1521 1
823 1325 1
225 665 1
758 1535 1
294 1929 0
1552 1591 1
58 145 0
125 1985 1
75 426 0
137 724 1
22 1968 1
627 1990 0
506 693 0
23 419 1
265 837 0
598 1432 1
1704 1993 1
611 1476 0
207 594 0
983 1760 1
1075 1141 0
884 1914 0
141 252 1
289 1932 1
1010 1128 1
1378 1516 0
1561 1675 0
853 1903 1
78 1971 0
902 1218 0
132 1188 1
860 1484 1
173 325 1
80 1936 0
946 1001 1
1507 1514 0
1810 1823 0
456 538 1
1264 1919 0
361 366 1
428 853 0
750 942 0
217 1439 0
90 131 1
691 833 1
929 1436 0
1204 1640 1
1029 1349 1
1222 1701 0
644 1533 0
595 951 0
762 1708 1
1167 1414 0
296 1518 0
839 1530 1
100 914 0
248 1981 1
319 1250 0
519 1931 1
521 1073 0
902 1072 0
47 1696 0
1330 1854 1
296 1342 1
159 1704 0
290 439 1
530 1879 0
564 1572 1
746 1554 1
305 313 0
280 1060 1
153 394 1
119 518 1
812 1621 0
48 569 1
716 1244 0
1214 1738 1
606 1743 1
44 886 0
916 1712 0
515 1139 0
113 739 1
1506 1563 1
1269 1284 0
799 1928 0
1514 1603 1
199 1953 0
1147 1378 1
714 1969 0
692 1632 1
91 1074 0
177 1315 1
132 1393 1
186 253 0
868 1937 1
1394 1840 1
409 1777 0
559 1472 0
255 1784 0
442 1051 1
19 715 1
1020 1928 1
688 960 0
414 1452 1
817 836 0
836 1648 1
309 1068 0
1373 1889 0
195 1164 0
31 1632 1
73 1533 1
715 1075 0
419 769 0
1265 1944 1
612 1489 0
75 346 0
945 1664 1
404 1611 0
321 1169 0
1277 1551 1
803 905 1
833 1146 1
614 1474 0
1517 1639 0
1465 1743 1
463 1948 0
157 400 1
252 801 0
149 1676 1
93 985 1
220 464 0
74 1333 1
1069 1426 0
1385 1692 0
218 1211 1
538 1826 0
300 805 1
388 908 0
212 1334 1
667 1409 1
605 751 1
203 468 0
1009 1514 0
941 1609 1
172 1379 0
1267 1655 1
1274 1550 1
44 80 1
404 937 0
924 1251 1
1755 1849 0
1118 1485 1
252 263 0
1494 1827 1
1455 1491 1
172 1580 0
477 1558 1
24 692 1
637 827 1
39 667 0
1183 1570 0
722 1815 0
642 1497 0
755 1424 0
1068 1850 1
1689 1793 1
188 734 0
933 1794 1
977 1722 0
31 217 1
317 411 1
548 1851 1
380 1869 1
468 1008 1
89 1671 0
1074 1785 0
297 1054 1
570 1556 1
51 85 1
399 421 0
1115 1747 1
365 678 1
632 1156 1
677 1058 1
1617 1962 1
1346 1991 0
904 1184 0
1087 1813 0
806 1087 0
1007 1257 0
1279 1301 1
777 1554 0
304 1185 1
315 1724 0
1601 1853 0
57 1246 1
859 1244 0
384 1004 1
383 409 1
168 510 1
674 1985 0
576 793 1
459 1381 0
528 1869 0
473 1792 1
872 1072 1
292 1635 1
1404 1894 0
18 1879 0
1056 1731 1
964 1184 1
568 1342 0
393 899 1
1422 1827 0
1241 1511 1
473 1422 1
1265 1801 0
166 1162 1
652 1646 1
1839 1990 0
282 775 1
310 1766 0
1221 1956 0
476 1291 1
101 1887 0
717 1256 1
453 1245 0
688 1593 0
466 1445 1
1501 1988 1
1210 1698 0
1613 1977 1
652 746 0
1534 1829 0
977 1354 1
560 1147 1
737 1465 0
932 1282 1
1073 1479 1
801 1502 1
1166 1356 0
537 1347 1
946 1098 0
445 1997 0
211 590 0
744 1897 0
352 849 1
25 280 0
172 539 1
1666 1972 0
664 1883 1
458 1583 0
1150 1254 1
878 1098 0
417 1630 0
1405 1411 0
106 454 0
63 825 1
152 647 0
864 1202 1
813 1437 1
565 763 1
769 1785 1
1161 1556 0
1246 1328 1
918 1472 0
1748 1758 1
917 1384 1
1079 1984 1
373 1809 0
169 1388 1
862 1571 0
736 941 1
877 1452 1
1028 1462 0
302 699 1
371 1336 1
260 1355 0
705 770 1
449 497 1
663 1770 1
129 511 1
934 987 1
448 1515 0
40 1927 0
303 1402 0
478 1950 0
1387 1984 1
316 944 1
1586 1716 1
820 1622 1
1567 1843 1
1732 1905 1
943 1129 1
839 1854 0
102 544 1
955 1187 0
645 1036 0
286 1488 1
325 1773 0
274 469 1
1337 1458 0
65 1122 1
614 1321 0
1027 1689 0
1587 1751 0
154 1405 1
800 1970 1
896 1460 0
24 1633 1
293 1410 0
1028 1705 1
1282 1940 0
1470 1979 1
302 1895 1
619 1608 1
1008 1301 1
326 1749 0
958 1242 0
1202 1470 0
155 1097 1
158 283 1
616 1868 1
369 1077 1
1812 1922 0
1536 1778 1
183 548 1
281 713 1
140 440 1
603 1399 0
64 1506 1
447 726 1
783 920 0
179 1633 0
1634 1803 0
12 1841 1
249 1134 0
575 1692 1
1169 1998 0
46 1009 1
82 1564 1
594 1535 1
940 1590 1
340 1574 1
525 1977 0
337 1189 0
601 978 1
1110 1626 0
1834 1907 0
385 1088 1
316 1728 0
1151 1717 0
1630 1819 0
593 1442 1
1061 1359 0
177 1919 1
130 229 0
551 1330 0
467 472 0
1559 1592 1
1206 1293 1
942 1943 0
513 1031 1
192 940 0
55 933 0
628 812 1
1086 1487 1
241 1951 0
732 1994 1
398 1508 1
147 486 1
1406 1587 0
1053 1413 1
1373 1376 0
1026 1565 0
152 863 0
603 637 0
1112 1629 1
65 311 1
985 1407 0
688 1459 1
1042 1644 1
243 1417 1
606 1446 1
30 1737 1
405 580 0
1204 1865 1
416 1729 0
764 1073 1
1249 1737 0
333 770 0
1107 1643 0
1559 1766 1
595 1463 1
391 448 1
439 1999 0
993 1375 1
765 856 0
751 1471 1
1023 1350 1
822 1875 1
297 670 0
33 1016 0
1726 1810 1
309 637 0
445 458 0
645 1461 1
1084 1164 1
1583 1966 1
545 1154 1
1076 1770 0
834 1147 0
735 1031 1
946 1132 0
119 1856 1
355 1010 0
1749 1800 1
1021 1819 0
429 962 1
58 288 0
766 1442 0
814 1903 0
352 1044 0
222 1063 0
1536 1763 1
953 1459 1
64 1414 0
584 1605 1
277 1327 1
11 424 0
315 1214 1
891 1654 0
526 1889 1
866 1327 0
283 1129 1
172 1152 0
1157 1747 1
1237 1986 0
36 275 1
988 1068 1
479 688 1
142 1373 0
786 839 0
959 1949 1
45 445 1
149 1758 0
938 1474 1
308 1916 0
36 747 1
872 1961 1
765 1061 0
450 1414 0
247 1100 1
1107 1836 0
9 848 0
1529 1560 0
7 98 0
878 1111 0
885 1106 0
602 1444 0
20 275 1
1838 1944 1
241 714 0
419 840 1
1223 1503 1
973 1059 0
285 1859 1
834 1150 0
801 1996 1
417 1052 1
1205 1902 0
101 583 1
908 1338 0
681 1198 1
372 1812 1
492 1871 1
598 1239 0
587 1574 0
527 1667 1
285 594 0
1174 1635 0
158 1598 0
585 1651 1
81 1546 0
1094 1276 0
569 922 0
30 487 0
281 1346 1
277 821 0
28 1507 0
299 1140 1
1006 1857 1
754 1666 1
591 1732 0
124 1736 1
419 1402 0
1194 1928 0
382 1964 1
507 1906 1
732 1584 0
150 677 1
340 1665 1
177 1179 0
86 1511 1
635 796 0
858 1290 0
279 1380 0
794 1668 1
402 1535 0
426 818 0
1452 1689 1
563 1547 1
910 992 1
882 987 0
189 818 0
851 1654 1
1229 1603 0
722 744 0
1083 1283 1
740 1987 1
1449 1858 1
86 147 0
723 1559 1
579 1420 1
966 1280 1
237 1208 1
289 1121 0
303 1223 0
631 1656 1
1133 1817 0
832 1799 0
1524 1945 1
127 1283 0
511 1409 0
616 990 1
113 891 1
234 819 0
582 944 0
1000 1462 1
95 1420 1
194 1428 0
867 1938 0
1105 1936 0
492 1196 0
866 1346 0
212 1471 0
360 1139 1
458 1480 1
181 912 1
685 1500 1
1397 1718 0
187 602 1
142 231 0
1374 1877 1
1843 1910 0
56 392 0
869 1502 1
455 1746 0
34 224 1
747 1942 0
758 807 0
191 1512 0
169 810 0
1375 1892 0
145 692 0
1331 1491 0
1520 1998 0
1005 1786 0
505 1053 0
594 1885 0
931 1386 1
1022 1526 1
685 1320 1
93 1431 1
675 1323 0
421 671 0
622 964 0
29 1764 0
769 937 1
1063 1695 0
744 1261 1
1316 1335 1
167 1798 0
1331 1619 0
1560 1610 1
74 1002 0
1058 1822 1
453 1118 0
1151 1537 1
1485 1909 0
16 691 0
921 1884 1
928 1824 0
115 413 0
778 846 1
127 993 0
534 1565 1
916 1861 1
96 1376 0
499 1729 1
597 623 1
123 1255 0
36 1847 0
99 1611 0
105 314 1
288 561 1
142 1767 1
1190 1632 1
208 1090 1
664 1866 1
1557 1785 1
1731 1867 1
535 1289 1
55 1945 0
171 1766 1
638 1931 0
419 662 1
187 1987 0
945 1810 0
925 1563 0
175 1089 1
1241 1245 1
358 681 1
1124 1995 1
858 951 1
424 1302 0
240 466 1
369 1644 0
169 1707 1
1290 1411 0
493 1588 0
856 1690 1
601 1088 0
461 1676 0
13 780 0
997 1224 0
356 602 1
957 1396 0
32 1286 1
517 599 1
873 1176 0
313 1472 1
801 1129 1
119 619 0
932 1232 0
306 388 1
43 586 1
282 1102 0
1385 1567 0
1110 1496 1
760 1451 1
519 593 0
38 1135 1
608 1597 1
383 1461 0
235 1977 1
61 1435 0
87 897 1
1045 1993 0
661 915 1
1070 1912 1
946 1638 1
208 279 0
1647 1737 0
1050 1234 1
596 1743 0
1095 1732 1
979 1564 1
644 1231 1
1026 1744 0
1129 1210 1
540 1382 0
107 415 0
471 1254 0
912 960 1
228 592 0
282 370 0
265 483 0
440 827 0
1074 1547 0
710 1929 0
330 1561 1
582 1265 1
1622 1936 0
1350 1545 1
919 1291 1
1432 1563 0
59 1709 0
1706 1807 1
60 1638 1
1143 1827 1
189 1259 0
1155 1243 1
25 1216 0
1008 1802 0
847 1215 1
1058 1566 0
26 1484 1
7 1913 1
1018 1955 1
113 1894 0
1307 1772 0
941 1559 0
333 830 1
634 1771 0
2 950 1
128 1821 1
247 944 1
262 1886 1
85 1600 0
254 1768 0
1391 1904 1
1021 1171 1
788 1741 1
523 1762 0
599 1357 1
120 166 0
617 769 0
1047 1273 0
665 815 0
965 1063 1
563 763 0
36 62 0
652 858 1
485 707 1
296 1077 0
199 945 1
1561 1662 0
669 1818 1
1404 1771 0
150 1137 0
487 1861 0
939 1904 1
1715 1988 0
976 1857 1
774 1484 1
86 1353 0
299 554 1
162 425 0
191 1650 1
453 1056 1
576 868 0
1373 1492 0
317 956 1
334 622 1
81 1759 1
283 819 0
1062 1417 0
960 1921 0
1610 1976 0
1015 1701 1
585 927 1
239 1767 0
631 1433 0
462 935 0
1145 1670 1
76 687 1
430 1986 1
595 865 1
1717 1963 1
709 1319 2
169 284 1
401 1984 0
910 1457 0
747 1546 0
842 1167 0
214 927 0
1758 1853 0
827 1185 0
164 462 1
748 1586 1
513 645 0
450 1186 1
577 697 0
20 1085 0
121 1441 0
914 979 0
179 222 1
1563 1619 1
376 507 0
573 1310 1
4 157 0
182 781 1
123 938 1
120 560 1
170 441 0
566 1932 0
267 630 1
1179 1348 1
315 1066 1
995 1268 1
605 1531 1
749 1929 1
763 779 1
1830 1893 0
75 1233 1
1173 1270 1
498 843 0
190 939 1
1298 1299 0
283 649 1
694 1666 1
1731 1771 0
707 1070 1
1813 1895 1
325 409 0
566 898 1
678 1757 1
66 1934 0
621 1432 1
443 616 1
351 744 1
251 1442 1
752 1045 1
1054 1285 1
270 354 1
616 1551 0
387 1482 1
1165 1730 0
1012 1840 1
42 1965 1
232 1898 1
397 1585 1
29 1008 0
978 1977 0
1145 1266 1
149 1967 0
1130 1961 0
1657 1925 0
1142 1481 0
1780 1832 0
825 1426 0
132 1490 0
842 1537 0
283 522 0
867 1761 2
691 1162 0
196 1771 1
879 1152 1
86 627 1
246 620 0
442 1802 1
10 618 1
660 1182 1
816 911 0
1411 1854 1
1292 1757 0
40 212 0
1805 1933 0
596 729 1
87 1199 0
148 1881 0
640 1081 1
887 1207 1
661 1811 0
1926 1977 0
1527 1845 0
7 529 0
304 1663 1
122 1783 1
771 1132 1
1530 1779 0
558 1512 2
162 994 0
503 1858 0
3 750 0
364 551 1
1382 1641 1
97 223 1
168 795 1
135 326 0
334 1419 1
1590 1726 1
541 1539 1
938 1402 0
222 1852 0
207 1868 1
364 1742 1
61 453 0
872 1748 0
1025 1188 1
996 1513 0
121 1050 1
16 489 0
174 230 1
981 1548 1
936 1012 0
122 733 1
11 1871 0
140 1770 1
619 1271 0
725 1574 1
879 1769 0
418 1679 1
800 1050 0
889 1907 0
431 1980 1
403 1638 0
713 1819 0
1698 1923 1
1746 1900 1
15 141 0
635 732 1
1375 1404 0
103 371 0
1069 1589 0
138 193 1
323 1041 0
1457 1496 1
494 536 0
472 625 1
589 1698 0
41 186 1
490 733 0
425 1631 0
348 1696 0
568 1742 0
414 1598 0
962 1119 0
40 1805 1
850 1371 1
1274 1332 1
608 775 1
615 1407 1
292 1074 0
628 1523 0
420 683 1
511 679 1
1162 1249 1
1446 1999 1
28 1813 1
887 1495 1
173 1622 1
61 1171 0
773 1701 0
473 840 0
892 1008 0
975 1804 0
1317 1374 1
1424 1596 0
417 1127 0
37 1100 1
905 1096 0
210 441 1
539 1041 1
365 718 0
655 1960 1
893 1905 0
641 1626 1
808 1102 1
255 350 1
625 1536 2
27 1843 0
265 1056 0
604 1120 0
148 685 1
1735 1970 0
354 1197 1
104 1744 1
128 1924 0
1385 1723 1
1368 1720 0
1466 1594 1
888 1104 1
95 1048 0
44 712 1
678 837 1
871 1826 0
1308 1457 0
640 655 0
385 703 1
424 1513 0
185 1402 0
1173 1195 1
1605 1649 0
357 732 0
1056 1849 1
255 1245 1
523 1349 1
282 578 0
1501 1996 0
526 1785 0
505 1234 1
1259 1311 1
327 1901 1
617 624 1
544 1731 1
1786 1887 0
344 1145 1
281 1243 0
845 1949 0
1459 1650 0
174 1120 1
1122 1440 1
896 1895 0
628 940 1
532 1224 0
108 1335 0
220 677 1
1177 1978 0
173 1116 0
363 724 0
209 377 0
1161 1687 1
145 1280 1
1352 1795 0
1149 1390 0
1486 1692 1
412 1201 0
295 827 1
1506 1664 1
512 882 0
53 706 0
5 1753 1
1059 1332 0
96 1531 0
485 1838 0
66 1591 1
877 970 1
502 1124 0
116 913 0
1793 1815 1
1519 1569 0
143 1825 1
30 1053 1
1031 1588 0
1111 1584 1
1225 1733 0
945 980 1
585 1389 1
1475 1793 0
146 935 0
341 1237 1
168 1822 0
70 1956 1
943 1230 0
1256 1350 0
118 567 0
498 1240 1
221 323 1
822 1888 0
896 1882 0
1321 1758 1
1461 1980 0
341 406 0
2 1261 0
368 1996 1
103 327 1
153 953 1
411 628 0
637 1593 1
1624 1857 1
1155 1330 1
517 1317 0
415 1455 1
203 969 1
245 1919 1
1448 1508 1
1041 1787 0
563 1173 0
821 1211 0
820 1977 0
577 1947 0
728 771 0
562 578 1
858 1479 0
1363 1609 0
330 1700 1
908 1664 0
680 1719 1
659 1618 1
67 204 0
1059 1393 1
415 1750 0
504 1768 1
357 1278 0
842 1350 1
604 993 1
1154 1867 0
1089 1492 1
374 1364 0
561 771 1
830 1433 1
814 1907 1
569 740 1
454 1733 1
65 1954 1
205 576 0
1522 1886 1
1412 1741 0
704 855 1
472 1453 0
326 844 1
171 1008 0
437 683 0
16 1634 1
724 1744 0
498 1874 0
1394 1811 1
772 923 1
1544 1885 1
220 1329 0
110 1693 1
1229 1624 0
210 1489 1
131 1466 1
480 621 1
125 1382 1
89 587 1
301 855 0
140 600 0
1230 1726 0
246 309 0
621 1029 0
1209 1899 0
1234 1745 0
232 1624 0
127 256 0
110 954 1
1705 1777 1
1034 1618 0
118 380 1
321 1021 1
98 266 0
294 1074 1
774 801 0
338 1152 1
119 1216 0
396 1920 1
1382 1447 0
248 936 0
673 734 1
1050 1641 1
880 967 0
953 1177 0
190 780 1
606 1957 0
37 1477 1
635 745 1
246 1825 0
351 474 0
184 1664 0
296 353 1
1271 1661 1
659 912 0
262 753 0
1041 1178 0
1524 1850 1
390 617 1
527 1992 1
226 820 0
1410 1935 1
1532 1974 0
88 647 1
348 1842 1
695 1876 0
436 711 1
1074 1927 1
757 1050 1
108 1454 1
476 1265 0
316 1877 1
378 666 0
826 1455 1
550 751 1
53 1415 0
833 1867 1
261 532 0
1357 1470 0
695 1835 0
670 1124 1
386 612 1
51 1866 1
161 339 1
946 1060 0
818 1152 1
299 466 1
228 1172 1
205 1124 0
861 1162 0
1326 1679 1
139 156 0
112 1952 0
340 1925 0
1355 1907 1
717 1018 1
175 844 0
3 1929 0
786 1981 0
220 1977 1
77 1092 1
584 1196 0
1632 1751 1
60 1670 1
986 1651 1
549 1281 1
1000 1132 1
1190 1205 1
426 1469 1
116 787 1
519 655 0
377 1069 1
531 1804 0
536 1477 0
58 948 0
165 1748 1
433 1218 1
1043 1477 0
174 851 1
950 1602 0
1292 1845 0
239 1336 0
72 1076 0
706 780 1
478 1145 0
613 823 0
225 1357 0
1583 1701 1
47 190 1
1553 1810 0
665 1213 0
263 356 0
791 1011 1
706 930 1
214 716 1
941 1493 1
1520 1764 0
259 407 1
387 1304 0
501 1771 1
1255 1892 1
264 607 0
334 357 1
275 373 1
776 1989 0
2 395 0
296 424 1
1015 1239 1
1049 1644 1
870 1163 1
923 1858 0
271 617 0
34 840 1
6 1824 1
152 697 0
761 1673 1
262 587 0
365 1013 1
284 876 0
1335 1464 1
329 1510 1
1318 1800 0
828 1684 1
901 1136 1
122 684 0
354 1409 0
284 1881 1
1234 1580 1
638 1694 1
673 835 1
1398 1650 1
136 898 0
1251 1354 0
9 1039 1
447 1149 1
1038 1676 0
1219 1378 0
420 500 1
538 905 0
379 1396 1
371 651 0
1031 1698 1
497 665 0
934 1753 0
1555 1627 1
1187 1383 1
1126 1418 1
180 623 0
546 1534 1
453 1952 0
391 1899 1
126 1247 0
693 952 1
229 1668 1
103 104 1
475 709 1
1128 1552 0
22 1367 0
762 993 1
587 1789 1
1681 1713 0
481 1915 0
1258 1821 0
1059 1901 1
1789 1825 0
821 1352 1
1411 1647 1
176 1344 1
1584 1601 1
1360 1745 1
1052 1858 1
713 1096 1
1114 1894 1
103 568 1
373 527 0
172 1473 1
3 1957 0
412 550 1
503 811 1
174 343 0
651 1898 1
663 1479 0
330 1076 1
158 722 0
1137 1535 1
1252 1694 0
906 1015 0
514 1159 1
863 1512 1
430 1095 1
9 1556 1
550 1003 1
1071 1752 0
442 644 0
226 374 1
982 1286 0
1024 1236 0
384 1112 0
1170 1830 0
856 1846 0
1182 1447 1
236 874 1
257 733 0
1659 1940 1
831 1426 0
1260 1982 0
1230 1575 1
528 1290 1
15 1878 0
342 399 0
237 1664 0
740 1510 1
939 1142 1
188 639 1
878 1487 0
80 404 1
392 977 1
471 1730 1
276 1846 0
892 1962 1
211 1507 1
1571 1684 0
11 586 0
595 1244 0
512 1073 1
378 1956 0
1122 1772 1
396 1454 1
13 148 1
288 1070 1
249 986 0
1641 1972 1
159 621 1
30 1284 1
237 911 1
1360 1704 0
161 1824 0
660 1632 0
248 1742 1
1696 1914 1
582 1300 1
996 1832 0
740 1833 1
1067 1163 1
895 1654 0
52 676 0
141 1449 0
52 659 1
478 1322 1
206 1849 1
467 1226 0
599 1124 0
1289 1971 1
264 1979 1
6 528 1
906 1928 0
343 1057 1
1517 1681 0
582 1723 0
1272 1485 0
749 1064 0
1345 1448 1
864 1425 0
796 1872 1
1054 1984 0
31 956 0
1525 1946 1
802 1155 0
1286 1602 1
909 1868 0
134 664 0
917 1205 0
1014 1109 0
1434 1725 1
278 1716 1
1235 1909 1
530 1458 1
645 1565 1
328 1294 1
339 759 0
1432 1759 0
1189 1933 1
250 1438 0
523 899 0
699 850 1
643 1272 0
461 1125 0
1316 1453 0
1758 1898 0
1686 1812 0
68 1805 0
399 1854 1
592 1721 0
646 1308 0
796 1860 0
722 850 1
584 1713 1
611 1438 0
572 1393 0
696 1414 0
682 1261 0
1281 1811 0
1526 1941 0
406 1397 1
371 1176 1
338 1480 0
82 118 0
521 1443 0
178 1395 0
717 1499 1
1107 1476 1
949 1392 1
500 1445 0
1059 1893 1
346 1649 0
608 1911 0
41 883 0
255 401 1
726 1884 0
1499 1842 0
1767 1795 1
529 1859 1
392 947 1
744 877 0
919 1332 0
565 620 1
870 1257 1
1569 1586 0
471 974 0
550 1231 0
1191 1657 1
406 654 1
149 1202 1
225 1247 1
1393 1625 1
349 1776 1
1256 1912 0
35 983 0
53 1940 1
1457 1672 1
1119 1589 1
379 1904 1
556 1750 1
1079 1331 1
1141 1455 0
196 1179 0
203 1697 0
190 1739 0
446 1344 1
1662 1955 0
942 1105 1
140 1119 0
730 1787 1
118 1245 1
1070 1690 0
431 480 0
176 1094 0
420 578 1
306 1391 0
1046 1140 0
951 1896 1
318 1165 0
201 476 0
662 1725 0
698 709 0
657 1030 0
0 857 1
710 1361 1
158 1880 1
1046 1216 1
982 1678 1
751 998 0
94 157 1
460 620 0
1372 1812 1
894 1306 0
720 1146 0
1717 1952 0
294 454 1
151 754 1
420 646 0
308 1238 1
628 1315 0
1031 1888 0
39 549 1
995 1890 1
783 1191 0
662 1832 0
1141 1552 0
935 1106 1
483 1541 1
322 970 0
1295 1597 1
780 1946 0
1186 1330 0
215 1254 1
232 1308 1
862 1985 1
1018 1921 0
1701 1813 0
153 201 1
453 1185 1
618 1020 1
807 1080 1
848 1790 1
493 789 1
508 750 0
331 1532 0
1524 1878 0
1218 1733 1
520 594 0
214 1771 0
1037 1089 1
148 1403 1
319 448 0
112 577 1
571 1558 1
1691 1992 0
990 1785 0
300 1011 1
262 1236 0
603 787 1
1031 1548 1
1615 1958 1
408 1407 1
270 787 0
122 1242 1
446 478 0
459 550 1
951 1184 1
1749 1892 1
1334 1920 0
809 1708 0
331 1712 0
862 1312 1
65 1540 0
273 1761 1
1291 1347 0
300 1005 1
347 1337 1
1133 1266 0
828 1297 0
777 1492 1
705 799 1
1262 1925 0
1019 1190 0
889 1263 0
47 839 0
114 272 0
118 1321 1
1685 1837 0
1034 1370 1
58 1615 1
151 723 0
1559 1910 1
312 1265 0
1305 1752 1
200 1842 1
1650 1660 0
192 1289 0
1292 1586 1
423 1886 1
818 1544 1
626 1730 1
347 745 0
1429 1818 0
161 365 1
431 1951 0
470 1028 0
966 1464 0
24 1305 0
495 1920 0
300 1608 0
495 1351 1
1711 1960 0
161 600 1
716 1153 0
188 1114 0
219 545 1
426 1726 0
1641 1865 1
1024 1268 1
823 1438 1
772 1017 1
985 1943 0
300 1833 0
180 1572 1
1066 1557 0
246 607 1
172 1406 1
105 629 1
500 1691 0
202 1738 0
1734 1971 0
605 1338 1
1326 1929 0
591 957 1
1103 1431 0
1048 1356 0
602 800 1
676 1039 0
90 1183 1
683 1276 0
1398 1986 1
725 1308 0
254 1114 1
416 536 1
1580 1601 1
509 636 1
125 247 0
629 1063 0
134 1288 1
504 1754 0
1043 1278 0
1130 1534 0
1116 1866 0
1632 1651 0
1219 1814 1
1489 1550 0
338 1634 1
639 1238 1
219 768 0
1123 1755 1
1640 1906 1
514 1681 0
430 702 0
496 1421 1
413 659 1
181 1249 1
317 1075 0
186 1168 0
257 690 1
1192 1305 1
715 926 0
460 1119 1
904 1631 1
574 1177 1
517 768 0
1618 1821 0
47 884 1
231 1635 1
1483 1895 0
549 1326 0
467 627 1
1089 1650 0
94 1041 0
312 1855 1
63 1070 0
787 1581 1
1679 1855 1
916 1159 0
378 1431 1
914 1299 1
709 924 0
949 1364 0
1339 1544 1
1337 1735 1
858 1683 1
143 1817 1
1246 1932 1
1438 1962 1
809 1693 1
1374 1797 1
554 1953 0
66 379 1
1741 1832 1
1010 1988 1
533 1775 0
389 1273 1
255 768 0
212 355 1
342 1689 1
832 1550 0
280 1883 0
376 1098 1
1011 1513 1
163 1491 0
759 1419 1
1451 1692 1
512 697 1
329 1044 0
1147 1347 1
1121 1887 1
1574 1789 1
876 1398 0
1016 1516 0
4 15 0
468 1166 0
519 1609 0
163 971 1
184 1906 1
672 1013 0
770 1779 0
1739 1745 0
159 633 1
984 1452 0
320 936 1
251 1073 0
179 550 0
498 1404 0
695 1759 1
452 888 0
1020 1680 1
262 318 1
28 1490 0
346 1063 1
836 1556 1
1294 1499 0
1571 1819 1
403 1721 0
1307 1325 1
632 762 1
450 661 0
185 815 0
155 958 0
454 1382 0
1760 1824 0
121 1263 0
24 813 0
794 1731 0
839 973 1
1220 1401 0
245 1218 0
819 1159 1
1336 1351 1
377 1355 0
573 972 0
540 1757 1
307 604 1
371 1377 0
365 1851 1
394 1616 0
164 1902 0
632 1388 0
1587 1999 0
730 1789 1
1142 1323 1
754 1364 1
743 1316 0
595 968 1
374 1432 1
396 761 1
292 516 1
271 347 1
993 1790 1
719 1989 1
1590 1648 0
650 1938 1
258 1949 0
104 1555 0
1074 1093 0
477 1037 0
1264 1907 1
338 810 1
1204 1938 1
1925 1940 0
369 1130 1
50 1042 0
344 1481 0
134 206 0
1070 1678 1
532 698 1
1199 1772 1
741 1274 0
913 1577 1
756 1745 0
285 446 0
451 1527 1
1232 1584 0
104 426 0
1603 1758 0
958 961 1
1889 1974 1
624 1708 1
238 420 1
1209 1952 1
11 96 1
207 407 1
543 748 1
698 727 1
422 721 0
850 1348 0
626 1303 1
25 1005 1
409 1654 1
921 1299 0
438 970 0
319 387 0
141 399 1
1082 1710 0
488 1870 1
333 1701 1
283 1751 1
531 765 1
1732 1820 1
790 1370 0
920 1413 0
1370 1765 1
249 687 0
119 1674 0
598 1568 1
539 1595 1
1149 1381 0
419 526 1
480 1405 1
193 782 1
1610 1777 1
222 444 1
1916 1990 1
976 1419 0
18 839 0
824 1581 0
287 618 1
1293 1383 0
1177 1917 1
1276 1375 0
808 1585 1
1026 1037 1
1091 1900 0
1174 1975 1
42 1666 1
165 1158 0
1091 1285 1
296 1036 0
693 1634 0
1066 1209 1
629 1762 0
91 258 1
204 331 1
633 1086 0
399 695 0
1674 1953 1
74 278 0
916 1201 1
447 1155 0
98 520 0
350 1962 0
162 862 1
181 345 0
591 1582 1
268 1168 1
1728 1783 0
88 258 0
51 478 0
290 1221 1
47 1102 1
654 1737 0
209 1117 0
1109 1517 1
440 519 0
243 912 0
435 974 1
1268 1909 1
154 334 0
605 1446 0
242 762 0
1017 1207 0
423 1592 0
254 1727 1
1583 1959 1
1026 1923 0
770 1588 1
451 546 0
178 1154 1
1080 1402 1
999 1325 1
847 951 0
997 1985 1
1780 1856 0
1319 1753 0
482 1896 0
1779 1899 1
895 901 0
477 1296 0
343 1652 1
597 799 1
135 1122 1
1175 1424 1
1285 1648 0
1145 1570 1
210 469 0
909 1645 1
322 1891 1
1396 1450 1
152 1909 1
1434 1570 1
674 679 0
1039 1932 1
1464 1746 1
1313 1579 0
1193 1194 1
202 506 0
54 1971 1
557 1916 0
542 1568 0
1559 1943 1
497 878 0
273 1597 1
7 1478 1
185 412 1
148 238 0
293 531 1
574 1419 0
100 1273 0
935 1942 1
1873 1878 1
1669 1900 0
174 1958 1
1231 1526 1
299 738 0
82 739 0
43 86 1
1504 1529 0
893 1069 1
101 1250 1
28 276 0
668 1998 0
670 1831 1
407 491 0
600 889 1
1217 1321 1
1113 1373 0
745 1349 0
170 652 0
224 1022 0
1850 1856 0
1071 1923 1
345 840 1
514 1905 1
1701 1776 0
416 1423 1
129 594 1
1314 1722 1
90 994 1
1154 1628 1
642 1942 1
1085 1986 1
5 1897 0
517 1227 1
448 1206 1
1044 1480 1
1245 1498 0
73 1358 0
1879 1916 1
551 792 0
535 719 0
1536 1862 0
19 994 0
162 658 1
267 435 1
568 1412 0
418 1460 0
106 850 0
548 1090 0
408 917 0
860 1400 0
359 641 1
678 714 0
873 1832 1
1374 1577 0
693 1804 0
268 795 1
221 1097 1
772 1987 1
471 561 0
996 1767 1
873 1918 0
46 1518 1
1403 1812 0
1355 1474 1
304 980 0
773 1928 1
506 877 1
156 1500 1
334 658 0
946 1669 1
507 1519 1
1052 1602 1
1250 1384 0
133 1279 0
6 1283 1
657 739 1
684 1373 0
581 1711 1
462 792 1
1495 1513 0
502 528 1
280 351 1
1649 1894 1
32 886 0
463 1738 1
545 1258 0
992 1101 0
686 1541 1
904 1770 1
1098 1992 1
1131 1541 0
440 1679 1
760 957 0
1551 1690 1
463 1710 0
933 1312 0
34 505 0
391 1022 0
1074 1718 0
1166 1915 1
1533 1853 0
1264 1500 0
1729 1932 1
899 1507 1
158 242 0
54 1662 1
1142 1864 0
690 1808 0
22 511 1
556 1760 1
852 1864 1
29 1419 1
1265 1362 1
1095 1529 0
1439 1983 1
1545 1831 0
823 1913 1
1277 1651 1
199 1774 1
248 1080 1
821 1890 0
583 1502 0
1106 1904 0
867 1457 0
40 361 0
78 1235 0
100 405 1
1333 1390 0
1091 1814 0
884 1963 0
1736 1928 1
959 1267 0
894 1619 1
50 1256 1
268 618 0
1493 1840 0
1629 1756 1
285 1765 0
745 849 0
1402 1667 0
1581 1966 0
1179 1371 0
745 1963 1
788 1065 0
714 1630 1
217 674 0
99 1378 1
1456 1651 0
343 1565 1
1146 1680 0
735 968 0
555 1293 1
364 1083 0
1094 1969 1
677 944 0
861 1503 1
181 249 0
824 1428 0
256 1751 1
1108 1407 1
713 1757 0
616 911 0
410 1339 0
1787 1822 1
229 386 1
729 1770 0
724 1504 1
813 1082 1
886 1606 0
805 898 0
1609 1939 0
812 1671 0
386 1250 0
618 798 0
236 909 0
1077 1331 0
243 994 1
12 1078 1
110 1713 0
658 1390 1
1494 1859 0
1440 1653 0
1057 1816 0
1784 1803 1
864 1395 0
1149 1575 0
636 1331 1
519 1377 1
590 838 1
139 553 0
624 650 0
866 923 1
369 1879 0
376 926 1
62 1942 1
764 1720 0
347 422 0
275 907 0
181 546 1
947 1954 0
920 1858 1
432 463 0
1701 1941 1
1345 1348 0
740 1788 0
186 539 0
1253 1463 0
216 903 0
384 463 0
643 776 0
737 1233 0
1235 1361 0
811 1790 0
84 770 1
