3000 6000
454 1693 0
366 1740 1
566 2428 1
868 2902 0
1427 2248 1
1041 1525 0
907 2234 1
157 349 0
345 559 0
1209 2075 1
624 2442 0
369 2636 1
317 1070 0
364 2547 0
1841 2585 0
1150 2180 1
1002 1617 1
419 1586 1
457 1533 1
1381 1820 0
418 1891 0
941 1217 1
1975 2167 1
459 954 1
1973 2233 1
605 1357 0
800 1187 1
298 2886 0
597 2594 1
467 1285 1
1871 2859 1
126 808 0
990 1392 0
169 643 1
1295 1343 1
1212 2099 0
205 758 1
1542 2968 0
384 1236 1
150 1117 0
1377 2837 1
498 718 1
116 1117 1
974 1021 1
886 2464 0
536 2574 0
1169 2595 0
184 759 0
1029 1585 1
1904 2266 1
1149 2204 1
369 1172 1
786 903 0
293 2920 1
1365 2129 0
1054 1594 1
4 1071 0
564 2480 1
1000 2387 0
948 1119 1
2025 2889 1
695 1718 0
312 1153 0
786 2403 0
1535 2305 1
1776 2391 0
1617 2171 0
129 440 1
368 444 0
474 571 1
1483 1511 1
1980 2047 1
2184 2430 1
643 2625 1
1416 2285 1
2539 2753 1
283 1977 1
468 1593 0
141 2017 1
778 832 0
1492 1612 0
784 1146 0
367 1172 0
397 463 1
517 2149 0
1714 2792 1
395 813 0
798 2217 1
1105 1625 0
491 1269 0
1295 2833 0
986 2981 1
1423 2877 0
1280 2835 1
1921 2440 1
556 562 0
674 1222 1
308 358 0
2143 2580 1
1093 2665 1
105 1429 1
1327 1693 1
483 2487 0
79 2896 1
724 2255 1
1441 2020 0
1427 2523 1
1288 2776 1
1818 2016 1
1239 2928 1
2186 2498 0
1999 2869 0
1396 1591 1
474 2939 0
720 1358 1
6 242 0
1035 2938 0
237 2415 0
671 754 0
1917 2834 1
792 842 0
1294 2871 1
801 2552 1
1774 2131 0
1229 2686 0
947 2108 0
249 2097 1
1417 1558 0
106 2950 0
1772 2603 0
2604 2608 0
792 1555 0
20 2117 1
2280 2367 1
1724 2017 1
1720 2946 1
1059 2481 0
188 1493 0
458 2994 0
1533 2219 0
147 2047 1
1090 1557 0
1124 1422 0
181 1166 1
1618 1725 1
1552 1704 1
1365 2329 1
1007 1664 1
335 1756 1
1190 1512 1
104 2144 0
2639 2942 1
363 481 0
479 2178 0
139 2676 0
31 2197 1
305 1756 1
275 2563 1
329 1476 0
3 1459 1
634 1171 0
135 781 1
1324 2021 0
1006 2420 0
719 1546 0
353 686 0
523 2557 1
232 1808 1
207 779 0
2471 2658 0
986 1018 1
461 477 0
429 1148 1
1244 2113 0
956 1524 0
835 2964 0
2122 2625 0
1277 2090 1
379 1785 0
1540 1917 1
656 1908 0
1048 2143 0
1402 2915 1
9 990 1
287 1415 0
537 2494 1
1407 2207 0
1475 2688 1
467 859 0
674 1638 1
2130 2363 0
148 1006 0
903 2136 1
441 604 1
1258 2972 0
1619 2110 0
2316 2572 0
99 2229 1
1118 1595 1
483 1194 0
1245 1782 1
1119 2294 1
24 2731 0
430 436 1
1433 1559 1
660 1859 0
2002 2632 0
2141 2145 1
613 1961 1
739 1515 1
1005 2212 1
1370 2446 1
1124 1784 0
2120 2874 1
1616 2981 1
1399 2701 1
240 1726 1
500 2373 0
1868 2268 1
45 437 0
595 1793 1
1116 2551 0
964 2335 1
331 1518 1
1213 1842 0
1192 2506 0
1360 2793 0
506 1478 0
430 2999 1
471 2498 0
138 2363 1
934 995 0
1408 1881 0
908 1094 1
1104 2958 1
651 1357 0
1957 2714 1
233 1661 1
1192 2010 1
2429 2590 0
7 2613 1
1134 2568 1
350 1766 1
224 1741 1
672 860 1
692 1622 0
2200 2656 0
1043 2952 0
373 1526 1
1366 2799 0
607 936 0
942 1823 0
532 2527 0
2595 2730 1
237 2043 1
413 1588 0
594 829 0
314 1263 0
2435 2975 0
370 2750 0
1600 2230 1
549 793 1
1160 1599 0
279 390 1
1147 1202 1
1321 1433 0
2024 2150 0
2445 2488 0
1402 2864 0
625 1897 0
1213 2155 1
1242 1830 1
1729 2376 0
729 2615 0
1001 2579 0
1551 2586 1
1380 1899 0
717 2135 1
171 391 1
780 1060 1
1033 2724 0
2389 2447 1
130 2669 0
2156 2912 1
1788 2659 1
1007 2062 1
703 1456 1
1504 1587 1
157 2519 1
151 1748 1
263 726 1
5 827 1
1047 1215 0
85 893 1
276 2276 0
1 1283 1
27 741 0
2066 2845 0
234 1968 1
1203 1652 0
1276 2133 0
2239 2547 0
640 691 1
241 837 1
1308 2152 1
70 2196 1
721 2930 1
1365 2844 0
931 2989 1
684 1176 1
2602 2906 0
1529 1710 1
74 2909 1
52 409 0
1529 2502 1
1014 1250 0
305 2252 0
1126 2403 1
328 2596 0
349 2596 1
742 2200 1
1115 1431 1
63 148 1
440 1051 1
738 1922 0
1729 1904 1
2006 2405 0
159 811 1
2058 2724 0
272 332 0
200 865 0
1115 1562 0
440 492 1
810 2087 1
2110 2196 1
1433 1944 1
1560 2870 0
502 1915 0
425 2543 1
740 1126 0
1915 2784 0
493 1827 0
466 484 0
2072 2453 1
243 840 1
1313 2245 0
1216 1656 0
375 791 0
756 2339 0
438 2084 1
18 2302 0
242 1630 0
2014 2237 1
1526 2094 0
243 2384 1
416 2078 0
804 2861 1
963 2552 1
49 91 0
774 2362 0
366 832 1
1503 2607 1
143 1998 0
582 1103 1
238 342 0
251 2953 1
574 1297 1
2789 2819 1
12 877 1
1513 1527 0
1366 1696 0
399 1178 1
1990 2154 1
1530 2594 0
1208 2796 0
150 2514 1
1230 1468 0
1462 2435 0
320 2496 1
157 1720 0
1209 1496 0
252 987 1
806 1215 1
589 2834 0
661 2299 1
1021 2332 0
1923 2786 0
359 1347 0
2010 2550 1
943 1535 0
1469 2843 0
2255 2862 0
1477 2267 0
1484 1734 0
197 1717 0
2162 2951 0
261 2960 0
402 2094 0
827 2231 1
1177 2732 0
1299 2024 0
1524 1973 1
2906 2963 1
110 952 1
1450 2757 0
259 1083 0
877 914 1
636 1247 1
1781 2151 1
427 1388 1
488 2271 0
930 1528 1
1975 2347 0
52 1897 0
571 2202 0
1840 2637 0
21 1118 1
199 1775 0
1364 1601 1
37 951 0
2357 2858 0
794 812 1
108 2951 0
843 949 0
1310 1377 0
424 1979 0
147 1142 1
97 536 0
1146 2089 1
360 1271 1
706 749 1
1120 2426 0
1014 1836 0
799 1744 0
496 2921 0
604 927 0
324 837 0
508 2285 1
26 1232 0
898 2863 0
309 1958 1
234 1621 0
1093 2848 0
146 1368 0
835 1006 1
833 2671 0
121 1146 1
398 1905 0
693 2661 0
667 2926 1
366 1007 0
344 1588 0
51 2799 1
1404 1701 1
244 1407 0
1307 1548 0
2176 2809 1
356 2421 1
636 1382 0
1726 1966 1
517 2516 1
35 2826 1
1929 1989 0
534 828 0
582 2844 1
1762 2854 1
963 2121 0
1057 2730 0
889 1972 1
14 812 0
433 2494 0
1857 2494 0
87 2729 0
1080 1421 0
717 764 0
1 1757 1
846 1388 1
1041 2649 1
8 2260 0
618 1155 0
1083 2482 1
143 1574 1
1035 1670 1
253 1301 0
1993 2217 0
1562 2371 1
1658 1792 0
2141 2693 1
82 2419 0
2843 2905 1
62 2843 1
430 813 0
92 337 1
1575 2115 1
832 1397 1
646 2375 0
45 2474 1
1 606 1
1237 1818 1
1089 2183 0
1940 2173 1
1962 2413 1
1761 2384 1
1365 1687 1
561 879 0
590 1937 1
913 2228 0
166 394 1
576 2251 0
1108 2446 0
1935 2927 0
57 860 0
1213 2094 1
2251 2570 1
140 425 1
1847 2883 1
2322 2676 1
19 1431 1
1071 2298 1
575 1114 1
216 901 1
422 2739 1
1420 2666 1
1307 2675 0
1657 2090 0
1254 2312 0
853 875 1
155 185 1
398 1076 0
1160 1180 1
726 2324 1
266 1653 0
135 917 1
1766 2652 0
472 2279 0
624 1536 1
1141 2857 0
1363 2088 1
1177 2923 1
111 1849 0
1866 2189 1
2733 2828 0
1919 2455 0
1217 1306 1
621 1666 1
611 868 0
68 666 0
1788 2724 0
1209 2364 1
660 840 1
489 2665 0
1304 2488 1
1643 1740 0
1357 2689 1
711 2617 1
994 2253 0
1197 2447 0
1223 1474 1
341 1686 1
708 1612 1
1898 2289 0
547 858 1
1064 1992 0
554 1608 0
1126 2892 0
352 1631 0
518 2085 1
2061 2385 1
1677 2626 1
395 2797 1
1783 2527 1
2054 2408 1
1364 2581 1
374 656 0
1332 2357 1
1882 2508 0
761 2280 1
2303 2943 1
922 2805 1
319 2753 0
1915 2533 0
2474 2953 0
60 1261 1
1571 2262 1
2570 2667 0
69 661 0
30 2458 1
1689 1731 0
589 1205 1
366 2313 1
48 2536 0
1132 2763 1
822 864 0
363 2558 1
2304 2519 0
101 1457 1
135 952 0
81 2488 0
925 2721 1
180 775 0
290 2961 0
271 2901 1
314 2816 0
1611 2004 1
1114 1404 0
1237 2238 1
1591 2532 1
346 2562 1
603 1237 0
1056 2723 0
1139 1758 1
471 946 0
650 2914 1
952 2833 0
767 892 1
270 1244 0
70 2894 1
565 2387 1
279 2221 0
1540 1680 0
231 1870 0
512 2344 0
1263 1651 1
2410 2852 0
440 2698 1
455 1135 1
1543 1642 1
639 2362 1
2206 2555 0
1495 2365 1
2428 2890 1
87 465 1
827 2510 1
808 2924 1
1019 1470 1
1569 2586 1
125 1307 0
1258 2724 1
173 1604 0
826 2998 1
105 542 0
2247 2487 1
1064 2637 1
112 2151 1
1738 2504 1
1106 2513 0
20 454 1
723 784 1
2297 2829 1
1855 2401 1
744 1818 0
196 610 0
1345 2277 1
63 2559 0
608 2655 0
369 2939 1
964 1296 0
386 779 0
842 1446 0
601 782 0
225 1591 0
1499 1650 0
48 1326 1
1753 2950 1
694 1727 1
605 2761 1
1695 2585 1
1116 1219 0
724 2815 0
2083 2783 0
1158 2388 0
2048 2594 1
1869 2785 1
1554 2512 0
1031 1094 0
195 197 1
122 2121 0
247 2188 1
834 2631 1
168 1985 1
1127 1505 1
1702 2588 1
382 2777 0
1737 2174 1
504 2482 0
310 2464 0
220 1666 0
1308 2925 2
2504 2742 1
1837 2907 1
63 757 1
2740 2839 0
1713 2713 0
1568 1834 0
636 910 1
2552 2751 1
368 1892 1
259 1659 1
258 1553 0
43 699 1
1648 2512 1
1129 1728 1
538 766 0
446 2265 1
847 2971 1
973 1517 0
1603 1945 1
2426 2869 0
1110 1304 1
1700 2946 0
682 1981 0
232 2317 0
248 2895 0
177 1761 0
213 325 0
22 2806 1
730 1993 1
327 2609 1
519 614 1
734 1028 0
742 1146 0
1497 2851 1
793 1630 0
26 67 0
785 1539 0
1576 2864 1
84 346 0
589 2581 0
900 1436 0
1389 2621 1
381 2363 1
742 2618 1
2120 2270 1
2041 2353 1
1733 2926 1
906 2239 1
994 2102 1
942 1064 1
1691 2123 1
581 1171 0
1439 2957 1
1225 2676 1
928 1869 0
2114 2999 0
111 1452 0
714 1963 0
380 1282 0
1847 2152 0
1983 2812 1
2351 2559 1
208 1417 1
1449 1649 1
284 871 0
1164 1420 0
936 1961 1
1441 1640 1
25 1161 1
826 1824 1
796 1400 0
2058 2542 0
533 855 1
1185 1741 0
1805 2873 1
570 2444 1
360 2104 1
461 475 0
1382 2499 0
2181 2266 1
747 2925 0
328 1587 0
858 865 0
29 1516 0
269 303 1
322 1332 0
1683 2821 0
696 2054 1
737 2213 0
702 1176 0
888 1405 1
581 750 1
286 2599 0
1377 2928 0
1428 2653 1
273 2210 1
667 1413 0
753 1124 0
1159 2408 1
1235 2281 1
1224 2055 0
1210 2116 0
1784 1943 0
1185 2241 1
2147 2535 1
1351 2450 0
947 2089 1
1244 1851 1
1074 2732 1
695 2122 0
623 1395 0
496 1817 0
1525 2645 0
1558 2282 0
1661 2215 1
578 852 1
1845 2627 0
81 189 1
289 744 1
2858 2913 1
2323 2793 0
2032 2556 1
367 2391 1
222 1876 1
2432 2459 1
755 2446 1
430 2597 1
1785 2815 1
2235 2258 1
686 2039 0
417 2333 0
72 1553 0
1825 2648 1
682 1330 1
1382 1583 0
32 1255 0
329 493 1
1213 2365 1
100 2540 1
140 1229 1
2206 2679 1
104 538 1
902 2531 0
441 997 0
8 1163 1
1609 2104 1
1473 2992 1
109 2762 0
996 1921 0
799 2154 1
2442 2933 1
226 327 0
285 781 1
1371 2857 0
396 1903 0
361 2959 1
540 2227 1
1032 2241 0
928 1327 1
2592 2809 0
114 2009 0
1137 1796 0
1408 2169 0
938 2420 1
620 1941 1
556 2861 1
1080 1909 1
2266 2285 0
927 2131 0
270 511 0
320 2346 0
1216 2693 1
1402 1602 1
460 2469 0
67 2565 1
573 2910 1
620 2436 0
1506 1747 0
365 1420 0
8 2145 0
405 893 0
2478 2735 0
458 951 1
854 1429 0
18 2501 0
142 1696 1
595 1028 1
1449 1764 1
1328 2427 1
1174 2935 1
2202 2697 1
1379 1706 1
322 1012 0
313 2299 1
428 480 0
283 803 0
259 1739 0
447 848 1
1257 1631 0
609 1356 0
132 1498 0
965 1312 0
1497 2957 0
101 174 0
2239 2443 0
160 278 1
539 2126 0
350 2783 1
1492 2408 1
327 620 0
210 1002 1
629 2269 0
638 1576 1
1014 2081 1
58 2662 0
761 2772 1
249 1991 0
80 553 1
1904 2196 0
269 1786 1
2911 2917 1
135 2677 0
2048 2196 0
1006 1567 1
699 1871 0
845 1159 0
232 2520 1
1277 2074 0
1172 2293 0
1526 1807 1
1495 1832 0
1458 2693 0
36 2536 1
758 2057 0
532 1757 0
1655 2370 0
206 1510 1
2877 2994 1
938 1074 0
1968 2938 1
948 1134 1
1810 2881 1
820 2335 0
1305 1413 0
313 2932 1
61 2910 1
306 1700 0
719 1804 0
1728 2216 1
2325 2434 0
524 548 1
1664 1699 0
819 2270 1
982 2382 1
1158 2690 0
20 2669 0
301 2507 0
36 1217 0
884 2245 1
1139 1715 0
1894 2641 0
1448 1937 1
1059 2011 1
1418 1539 1
647 2641 0
1323 1432 1
1122 1796 1
928 2131 0
370 2424 0
1997 2444 1
795 2440 1
222 2677 0
191 951 0
613 748 0
1643 2114 1
1257 1370 1
754 2589 1
1565 2573 0
1744 2720 0
868 1172 1
569 656 0
788 2310 1
82 2978 1
1545 1683 1
55 2710 0
194 507 0
615 2454 0
2555 2853 0
862 1231 0
122 2240 1
446 2784 0
489 1200 1
2003 2480 0
70 2244 1
207 2825 1
914 992 0
1216 2754 1
1651 1759 0
2670 2965 1
228 2732 1
1748 1752 0
1409 2757 1
1543 1960 0
102 985 0
1026 1920 0
518 2742 1
2741 2969 0
1388 2580 0
1932 2879 0
31 2160 0
1759 2560 0
56 296 1
247 1261 0
389 2646 0
1485 2302 0
229 1566 1
2263 2405 0
747 1469 0
2061 2129 0
954 2934 0
423 1781 0
1238 2362 0
94 272 0
1331 1784 1
369 2554 0
616 1568 0
907 2015 0
1549 1973 0
400 1342 0
1103 2820 1
1294 1998 0
1637 2469 0
2127 2829 0
289 1352 0
2063 2668 0
1679 2292 1
1720 2117 0
2166 2821 1
1986 2893 1
353 2696 1
555 1169 0
1011 1514 0
164 2558 1
1316 1626 1
151 1069 0
630 1527 1
1266 1472 0
110 877 1
264 2784 0
878 2960 1
2438 2538 0
916 2061 0
551 2169 0
815 1323 1
484 1655 0
612 2969 1
1862 1994 1
410 1883 0
737 2753 1
955 1178 0
65 2692 0
1048 1875 1
1640 1950 0
1201 1531 1
1676 2711 0
118 2759 1
2114 2357 1
725 1707 1
12 2952 1
2726 2736 1
44 2603 0
1228 2326 1
650 2321 0
331 2076 0
223 374 1
146 2696 1
982 1437 0
1034 2023 1
1114 2039 0
1241 2792 0
109 842 0
1510 2115 0
2889 2905 0
1462 1855 0
1571 2393 1
629 1755 1
200 1473 0
524 603 0
519 525 0
2749 2944 1
2405 2658 1
1052 2188 0
1490 1769 1
386 828 1
1351 1898 1
349 926 0
2643 2843 1
1418 2247 0
2787 2966 0
591 1763 0
1787 2185 0
62 2930 0
59 1933 1
2903 2908 1
1234 1843 0
1513 1532 1
2587 2802 0
520 1026 1
35 602 0
1665 2946 1
2592 2611 1
594 907 0
1955 2428 0
1137 1152 0
1140 1968 0
1661 1811 0
23 2657 0
1605 2863 0
1569 2943 1
1157 1285 0
1192 2253 0
963 2267 1
202 2869 1
988 1615 1
28 2849 1
1443 1814 1
287 500 1
2672 2878 0
1738 2067 1
465 2902 0
601 1461 1
920 2240 0
1610 1783 0
265 1898 1
901 2645 1
890 2370 0
629 2478 1
391 1794 0
1003 1838 0
835 2955 0
219 2772 0
1546 2499 1
2188 2787 0
1861 2260 0
2628 2845 0
2040 2744 1
809 1567 0
1223 2040 0
1179 1557 1
114 2337 0
937 2760 1
19 2229 0
43 2756 0
619 1771 1
1306 1848 1
314 1285 1
536 2198 1
578 2034 1
587 1258 1
1020 1414 1
172 2317 1
2056 2986 0
1144 1471 1
2862 2966 1
577 682 0
490 603 1
2355 2859 0
154 364 1
591 1551 1
1630 2163 1
1462 2219 1
1388 2048 0
158 1006 1
1607 2127 1
1893 1905 0
1931 2008 0
254 1970 0
545 1370 1
829 2897 1
468 2594 0
203 2611 0
965 1037 1
1224 1821 0
2017 2561 0
2095 2522 1
1396 2489 1
1127 1870 1
1374 1831 1
1609 1964 0
223 1525 1
1544 2763 0
333 843 1
287 1362 0
1624 1666 0
1119 1183 0
935 2719 1
1861 2343 0
149 1221 1
1521 2713 1
88 1493 0
176 950 1
1400 1464 1
571 2672 1
400 1061 1
1456 2620 1
960 1579 1
607 1145 1
911 1917 1
1469 2761 0
1476 2812 1
395 1069 0
1403 1468 1
1288 2134 1
316 2796 1
693 1345 0
1805 2875 0
1171 2256 1
2175 2339 1
2237 2767 0
452 1216 1
1303 2163 1
783 2331 0
55 2891 0
2315 2580 1
1853 2925 0
53 803 0
2037 2811 1
703 2503 1
483 665 1
482 1187 1
1252 2956 1
504 2908 1
319 2208 0
2288 2582 1
2371 2888 1
521 1493 0
1260 1877 0
122 394 1
167 357 0
1468 2217 0
713 1376 0
1674 1929 1
1259 1903 1
1703 1985 0
1305 1738 0
1272 1842 0
512 2074 0
1619 2369 0
731 1537 1
1347 2227 1
381 761 0
1036 1155 1
229 1941 1
1174 1459 0
440 2663 0
749 1100 0
529 2574 1
565 1899 0
1072 2706 0
196 2182 1
1565 2418 1
136 2485 0
750 1437 0
25 771 1
2558 2582 0
1578 2711 0
647 2546 1
1571 1794 0
1066 1508 0
2477 2909 0
407 1373 0
2048 2720 0
2335 2977 0
1249 2260 0
36 2743 0
12 245 0
875 1245 0
811 2803 0
831 2752 0
738 2557 0
2386 2690 0
1139 1928 1
1146 1770 1
2165 2471 1
1343 1371 0
1124 1949 1
1521 2856 1
1198 2775 1
27 1586 1
356 762 1
1359 2943 0
2353 2766 0
1041 1092 1
144 1527 1
1184 1566 1
1118 2562 0
1421 2464 1
378 1851 0
1991 2126 0
727 2676 1
1654 1929 1
705 1438 1
1189 2764 1
728 1818 0
1044 1413 1
533 2605 0
1912 2867 0
1933 2499 0
591 1654 1
2037 2442 1
95 412 0
1389 1706 0
1089 1203 0
151 2407 1
122 2411 0
20 256 1
2502 2971 0
1723 2852 1
1868 2385 1
1599 2653 1
871 2020 0
2079 2466 1
1998 2128 1
960 1391 1
1310 1322 1
1172 2185 1
2019 2785 0
1717 2525 1
1141 2010 0
178 638 1
975 1645 0
705 1311 1
1630 2830 1
463 1972 0
1439 1884 1
113 1702 1
256 1762 0
1378 1979 0
361 1214 0
385 794 0
175 2336 1
2416 2421 1
465 1060 1
1296 2335 1
830 886 1
1905 2161 0
717 2585 0
1798 2666 0
1021 1445 1
36 2105 1
776 2688 1
691 1045 1
1668 1774 1
1082 1878 1
805 1287 0
1079 1805 0
1253 2295 1
1449 2925 0
1137 1994 0
2297 2639 0
217 789 0
799 999 1
299 1395 1
1330 1410 0
693 2577 1
719 821 1
1056 2326 0
774 850 1
1234 2692 1
273 1194 0
347 1656 1
1019 2132 0
2137 2668 1
1094 2127 1
760 2000 0
1181 1226 0
556 1577 1
1016 2494 0
826 2511 0
2031 2120 0
292 1234 0
726 1859 0
1085 1700 0
1023 1811 0
18 1753 1
527 2363 1
1610 2300 0
825 2266 1
2530 2611 0
748 2314 0
236 1466 0
2646 2699 1
1304 1859 1
93 1668 0
300 766 1
882 1956 0
720 806 0
2629 2930 0
1061 1364 0
1132 2006 0
181 2396 0
798 2315 0
94 1601 0
1280 1709 1
2163 2943 0
2051 2786 1
202 1806 0
2417 2690 0
255 2779 0
75 1193 0
874 1991 1
870 1980 0
543 2886 1
119 2408 0
1646 2421 0
1384 2085 0
1469 2687 1
2111 2245 1
2123 2299 0
958 2767 0
163 1541 1
723 2564 1
1450 1779 1
1391 1435 0
1467 2699 0
421 1649 1
52 2748 1
1014 1860 1
1358 2962 0
667 1401 1
2510 2884 1
956 1102 0
1926 2224 0
729 2346 1
2100 2611 1
279 754 1
888 898 1
2848 2916 1
1018 1038 1
1109 2691 0
34 1095 1
342 1888 0
1304 1349 0
192 822 1
1219 2449 0
393 1813 0
154 1337 1
95 2874 0
774 2955 1
529 2545 1
397 2948 0
1059 1797 0
2022 2476 0
808 1374 1
1865 2586 0
221 2067 0
836 2111 1
577 2619 0
355 2230 1
1463 2694 0
51 794 1
452 1322 0
1285 2688 0
1098 2873 1
2235 2982 0
1082 2824 0
999 1889 0
1452 1854 0
1610 1799 0
657 2461 1
1537 2451 1
958 2454 0
380 1088 0
401 658 1
385 2834 1
1319 1742 1
835 2615 1
1706 2278 1
359 2518 1
2513 2958 1
1920 2571 0
461 1537 1
672 819 0
1253 1467 1
1207 2238 0
212 2266 1
7 1383 1
197 2854 1
361 1790 1
1249 1376 1
1411 2351 1
285 1803 0
1494 2252 1
2181 2192 1
2118 2315 0
1305 2115 1
35 689 1
462 1785 1
1931 2013 1
643 1811 1
1663 2077 0
2362 2951 1
1085 1707 1
688 1982 1
251 2841 0
21 2749 0
318 1297 0
1580 2092 1
1985 2368 1
1724 2977 1
2040 2047 0
1500 2026 0
525 545 0
6 1925 1
302 1979 0
1174 1386 1
2257 2814 1
1349 1667 1
1671 2509 1
1554 2680 0
1141 1213 1
1988 2345 1
365 456 0
905 1636 1
2219 2329 0
2562 2583 1
1608 1953 0
528 2866 0
203 971 0
2118 2236 0
1862 1885 0
652 1066 1
544 1251 0
1788 2298 0
2249 2334 1
689 2186 1
405 1707 0
674 1787 1
1034 2929 0
2059 2255 0
861 2882 1
973 1365 1
693 2815 1
678 2125 0
2404 2442 1
1444 2481 1
838 2226 0
814 2485 1
604 2398 0
1484 2988 1
1056 1524 0
95 579 0
1317 2462 0
1822 2257 1
2483 2808 0
1117 2491 0
1241 2104 0
255 2618 0
986 2963 0
2371 2987 0
2327 2964 1
186 2215 1
1148 1380 0
2281 2907 0
503 2401 0
792 1462 1
1737 2088 0
1659 1905 0
1325 2064 0
843 1545 0
94 455 0
901 2265 0
352 892 0
330 1435 1
1286 1800 1
1478 1882 0
1654 2317 1
73 1933 1
1559 1903 1
2323 2524 1
2354 2643 0
1753 2969 0
410 1698 1
1848 2026 1
102 2897 0
308 634 1
788 1400 0
1417 1471 1
853 2775 0
1104 2022 0
1262 1873 1
2309 2760 1
439 1780 0
2682 2749 1
2237 2758 0
224 1576 0
251 776 0
117 509 1
750 945 0
265 1125 1
2191 2776 0
390 1352 1
1203 1482 0
2148 2869 1
1890 2622 1
569 1242 0
2484 2857 1
505 1189 0
2052 2084 0
1685 2700 1
365 2107 1
984 1280 1
2062 2134 0
2179 2349 0
1933 2808 1
2291 2868 0
474 850 0
1741 2148 0
681 2828 1
31 1824 0
2721 2813 1
1179 2521 0
1954 2941 0
2135 2462 0
948 2984 0
351 740 1
74 226 1
419 933 0
238 1744 1
2675 2890 0
466 2029 1
524 1586 1
823 2983 1
1169 1970 1
1113 1824 0
1830 2922 0
160 2616 1
132 158 1
569 1044 0
856 2093 1
337 1935 0
532 1487 1
2618 2881 1
643 1624 1
213 1232 0
666 1489 0
1024 2391 1
797 1807 1
797 1253 0
166 2805 0
656 2656 1
114 1455 1
1689 2495 0
1159 1951 0
773 2725 1
2711 2885 0
1721 2410 1
1897 2330 1
2376 2591 0
560 1652 1
2 2902 1
1147 1524 1
1134 1650 0
449 561 0
29 1080 0
946 1811 0
1371 1666 1
444 701 1
830 2057 1
1379 2132 1
1328 2050 1
72 1992 0
1326 2162 0
1121 1286 0
1392 1805 1
2540 2684 1
1058 1615 0
623 2290 0
2226 2785 1
1656 2975 1
1255 2906 1
2190 2643 1
216 2238 0
2039 2337 1
657 1905 0
872 1242 0
2306 2426 0
277 695 1
454 539 1
91 1299 0
698 1938 0
959 1351 1
2280 2519 0
621 2593 1
379 539 0
568 2378 1
295 1952 1
340 1466 0
572 1747 1
690 1985 0
1573 1919 0
148 1133 1
852 1877 0
1609 1697 1
513 2949 0
259 1584 0
514 2901 1
1086 2338 0
1195 2119 1
1288 2109 0
1639 2831 0
248 2395 1
231 2305 1
65 2432 0
56 1176 1
2373 2445 1
600 2516 0
454 1711 1
1774 2412 0
159 1449 0
490 1993 1
563 1634 0
289 2966 1
533 553 0
1714 2204 1
497 651 1
640 671 1
660 1552 0
141 2989 0
13 992 1
300 1480 0
70 966 1
1909 2547 0
1226 1446 1
663 1803 0
1310 2650 0
244 867 1
1152 2756 1
495 1151 1
363 2050 0
286 1690 1
415 2153 0
365 1370 0
2440 2455 1
230 1939 0
579 2246 1
2571 2576 1
1735 2737 0
166 1020 1
1744 2126 1
12 2839 0
438 2949 1
1802 1913 0
1531 1780 0
683 753 1
26 158 0
655 2815 1
242 1097 1
554 1532 0
1427 2122 1
662 2387 0
962 2422 1
433 773 1
418 2306 1
486 1461 1
1014 1309 0
831 1600 0
920 1557 1
779 1865 1
129 873 0
549 710 0
1023 2583 0
1197 2393 0
2942 2954 1
619 2968 0
1044 1561 0
391 1768 1
177 1689 0
1696 2664 1
1422 2601 1
1273 1391 0
1102 1944 0
2549 2849 0
564 2231 0
1267 2376 1
1886 2861 1
814 2555 1
317 683 0
1682 2566 0
388 2633 1
495 1876 0
181 554 0
748 1638 1
1174 2081 0
1334 2550 1
1432 2899 0
758 2079 0
1483 1760 1
333 1436 1
1281 1437 0
2802 2845 1
1135 2332 1
337 2346 1
1443 2821 0
43 1167 1
677 2314 1
60 2615 0
329 2547 1
114 2090 0
588 2682 0
586 1674 0
255 2850 0
836 2212 0
1061 1851 0
1667 2926 0
557 2675 0
1089 1933 0
2541 2572 1
2261 2376 0
406 2884 0
1557 2479 1
1265 1349 0
1405 2961 0
2380 2947 1
720 1218 0
1935 2096 1
451 945 1
82 2622 0
156 2966 0
1346 2680 0
1740 1887 0
2153 2389 0
1491 1598 0
304 1816 0
1360 1559 0
586 2677 0
955 1996 1
2431 2672 0
2319 2496 0
1000 1813 1
48 2785 1
487 2624 0
20 1290 1
309 2877 0
2240 2257 1
166 2411 0
50 1530 0
1807 2061 0
1171 1441 0
1183 1638 0
1512 2444 0
634 1462 1
268 581 1
1113 2713 1
1497 2344 1
208 993 1
589 2687 0
805 1570 0
354 992 1
414 2034 0
293 2323 1
147 632 0
1540 2721 0
1593 2550 1
819 1129 0
1181 2507 1
1422 2087 1
1857 2691 0
1394 1728 0
280 1175 0
395 2159 1
1656 2289 0
2565 2599 0
1177 2791 1
1137 2057 1
2800 2946 1
387 2488 1
330 1728 0
513 694 1
1419 1968 1
1033 2254 0
1903 2735 1
525 2732 1
632 2652 0
942 1022 0
1238 1436 0
95 2267 1
834 2379 1
2095 2307 0
357 2012 1
1173 2745 0
1677 1990 1
1063 2383 1
17 763 0
1245 1458 1
2068 2711 1
1450 1950 0
1389 1393 0
2309 2686 0
1194 2431 1
1867 2961 0
1169 2324 0
768 916 1
1713 2916 1
309 1552 0
632 2651 0
1564 2704 0
1684 1841 1
1009 2159 1
451 2139 1
324 1613 0
523 862 1
300 2925 0
1179 1947 0
446 1117 1
683 943 1
68 1488 0
718 2406 0
1533 2972 1
890 2722 1
336 2162 0
566 1708 1
2056 2890 0
548 2040 0
1195 2542 0
1340 2747 1
322 582 0
2282 2751 0
1214 1234 1
1405 1844 1
576 2800 1
858 1784 0
1246 2242 1
687 772 0
1951 2818 1
701 2603 0
901 2684 0
2062 2395 1
44 373 1
2202 2501 1
333 1939 0
2248 2507 0
1978 2106 0
162 464 0
684 2874 1
779 944 1
416 2076 0
696 1530 1
147 1961 0
574 790 0
1264 1862 1
3 1836 0
240 2207 0
1600 1641 0
1525 2039 0
594 2090 1
463 2845 1
1253 2321 1
39 2811 0
1952 2217 0
47 1702 0
1311 2209 1
105 2952 1
995 2072 0
1049 1175 0
1716 1909 1
206 2907 1
1307 2537 1
96 580 0
882 2284 1
447 1217 0
1517 2182 1
876 2883 1
73 2492 0
1001 2449 1
399 1250 1
191 563 1
2259 2476 1
849 2442 0
969 1332 0
799 2655 1
587 1479 0
652 984 0
1528 2134 0
605 842 0
1682 2346 0
1003 2882 0
986 2909 0
1785 1891 1
2073 2518 0
638 2940 0
2368 2823 1
21 1409 0
1077 1708 0
2024 2282 1
1199 2278 0
1921 2081 1
3 2073 1
499 1266 1
201 2021 1
1659 2595 1
1016 2918 1
76 1574 1
85 874 1
207 2441 0
1809 2201 0
94 1845 1
815 2892 0
1702 2741 1
11 2288 0
2774 2847 0
209 2188 1
181 2311 0
1522 1571 0
604 2673 0
26 982 1
598 2264 0
65 2526 1
685 1498 1
108 1367 0
1167 2933 0
2457 2886 1
82 888 0
2494 2677 1
1335 1619 0
816 2851 0
2214 2753 1
278 2717 1
758 1863 1
469 1559 1
61 2795 1
1379 1756 0
469 1004 1
1372 2175 0
525 2930 1
2144 2849 1
1671 1817 1
2280 2394 1
98 2343 1
358 2643 1
90 1745 0
1651 2696 0
174 1745 1
733 2662 1
383 1025 0
97 139 1
41 1823 0
1243 1678 0
249 2344 1
251 2219 1
611 1658 1
898 1163 0
53 2327 0
1680 2237 1
1537 2553 0
646 1234 1
1786 2430 0
23 895 0
348 2677 0
1929 2361 1
948 1848 1
136 2621 0
1051 2912 0
911 1830 0
1820 2774 0
1069 2870 1
162 900 1
1896 2163 1
525 1058 0
409 1466 1
232 2605 0
488 906 0
1619 1645 1
1981 2004 1
861 2137 0
2388 2984 1
1780 2626 1
864 1974 0
301 1588 1
354 1913 0
1301 1662 1
901 1173 1
382 655 1
268 1861 0
723 1550 0
460 2520 1
756 1878 1
2311 2936 1
1068 1267 0
1368 2415 0
1760 1809 1
89 2773 0
1117 2708 1
208 2638 1
618 2026 1
1370 1472 1
1298 1621 1
2459 2613 1
1457 2110 0
8 1278 0
1488 2705 0
60 1949 0
662 2117 1
1575 2171 1
2080 2378 0
2447 2456 1
1658 2072 1
1514 2879 1
2182 2934 0
1455 1523 1
837 1476 0
1455 2765 0
1753 2158 1
297 2366 1
325 2864 0
834 2100 1
686 2289 1
2626 2679 0
1945 2359 0
317 1451 0
486 1267 0
725 1040 0
38 2163 0
65 966 1
1574 2816 0
1089 2745 1
402 1699 1
140 399 0
1604 2333 1
743 1772 1
646 2381 1
98 1380 0
1458 2956 1
1846 2377 0
330 2415 1
889 2633 0
1954 2997 1
1996 2514 1
355 381 0
1558 1725 1
1603 2983 1
483 1500 1
316 414 1
1540 2633 0
445 2163 0
604 2844 1
207 2366 1
1979 2091 1
2554 2569 0
1964 2124 1
1227 2617 0
1598 2986 1
778 1597 0
238 2701 0
134 2185 1
145 1239 1
737 2817 0
410 2771 1
703 1127 0
1211 2383 1
2536 2985 1
506 1135 0
503 1841 0
415 547 1
693 913 1
1877 2521 0
621 2268 1
666 2031 0
336 535 0
2342 2786 0
328 2749 1
609 2344 1
1505 2539 0
1568 1805 1
276 2859 0
1274 1383 0
52 784 0
1138 1497 0
1370 2974 1
1153 2356 0
431 772 0
320 2853 1
1570 1687 0
117 2870 1
1060 2411 0
313 1837 0
173 630 0
399 2066 0
1327 2692 0
471 2592 0
1399 1640 0
1842 2712 1
1423 2644 1
1528 2115 1
970 1063 0
2184 2305 1
116 1229 0
756 937 0
366 839 0
1153 1740 1
890 2179 0
354 1854 1
485 2552 0
1035 2087 1
1794 1822 1
1168 2723 0
179 262 0
436 1913 0
1628 2794 0
319 2207 1
2585 2825 0
1777 2780 1
307 982 1
1196 2371 1
2001 2080 1
1066 2818 1
389 485 1
1199 2572 0
2733 2892 1
980 2220 1
727 2929 0
245 1867 0
934 2766 1
328 1284 1
2149 2233 0
1059 2353 0
609 2797 0
1547 2919 1
1277 1723 1
278 796 1
325 2125 1
1183 1874 1
1692 2911 0
1221 2232 0
362 2994 1
10 2670 0
306 807 0
2288 2943 0
1950 2230 0
2001 2606 1
358 758 0
693 2287 1
552 1254 0
786 2185 0
2283 2859 1
542 1947 1
946 1990 1
1097 2880 1
806 2466 0
1650 2982 1
1776 2248 1
1674 2301 0
805 1104 1
1638 1839 1
1143 2591 0
957 1188 1
859 1935 1
790 2371 1
101 1697 0
1315 2105 0
428 885 1
1996 2359 0
2165 2746 0
2647 2783 0
2306 2631 0
1591 1828 0
74 831 0
2031 2324 1
2318 2546 0
39 144 1
1250 1960 1
772 2845 0
2133 2204 0
1124 1259 0
1310 1877 0
863 1353 1
191 1701 0
572 962 0
1081 2424 0
1640 1709 0
194 692 1
933 1843 1
1489 2850 1
2680 2833 1
1022 1615 0
1956 2894 0
665 1742 0
178 872 1
269 1487 1
2123 2323 0
1506 1773 1
299 1556 1
273 434 1
1691 2410 0
660 2401 1
1936 2342 1
393 1709 0
1126 1385 0
439 1359 1
23 2245 1
1925 2249 0
972 2262 0
2903 2912 1
144 2377 1
2637 2985 0
749 1156 0
873 2437 1
493 524 1
712 2199 1
2414 2847 0
59 2439 0
1291 1503 0
1180 2841 0
931 2416 0
190 2813 1
1955 2701 1
1870 1877 1
563 1565 1
976 1160 1
1888 2998 0
495 2251 0
555 2724 0
1115 2296 0
90 378 1
281 1858 0
1182 1525 0
1360 2745 1
1382 1750 1
763 1952 0
160 455 1
711 1021 0
1632 2386 1
127 2273 1
1820 2887 1
1776 2617 0
236 1453 1
25 2768 0
584 2480 1
555 974 1
677 2191 0
368 937 1
2529 2945 0
2004 2773 0
2093 2125 0
2352 2915 0
329 862 0
1851 2577 0
1708 2649 1
2561 2882 0
282 859 1
458 1832 1
1976 2283 1
1394 1498 1
139 2876 1
1310 2670 0
1841 2086 0
178 2667 0
1218 1983 0
1606 1793 1
391 2427 0
6 522 1
633 1419 0
1624 2016 0
714 2465 0
54 488 0
346 1441 1
298 2024 0
305 2173 1
519 2887 1
1346 2641 1
137 1283 1
1491 1800 0
186 450 0
1358 2725 0
265 632 0
1641 2006 1
2039 2429 0
937 2140 0
862 1618 1
177 1725 1
1106 1597 1
736 1805 0
755 764 0
2090 2765 1
1062 1987 1
999 1805 0
1126 2140 1
2 2589 0
738 1697 1
2318 2848 1
161 2984 0
1481 1548 1
1827 2782 1
163 372 1
32 2260 1
489 2763 0
45 2129 1
2464 2744 0
385 1292 1
612 890 0
837 2231 1
450 1521 0
862 927 1
760 1254 1
682 2714 0
1189 1928 0
1445 2133 1
1098 1886 0
361 1933 0
116 1193 1
1220 2371 1
1369 1886 1
752 2868 1
282 1541 0
5 978 1
107 1116 1
1833 2832 0
151 795 0
2087 2492 0
67 497 0
1682 1802 1
380 1563 0
669 2197 1
1314 1408 1
825 1506 1
264 435 0
748 2816 1
2370 2422 1
153 855 1
889 1591 0
495 970 0
178 506 0
1951 2573 0
1875 2200 0
757 2412 1
1332 1804 1
625 2257 0
999 1804 0
1168 1940 1
1355 2243 0
814 913 0
1821 2197 1
1597 2846 1
2235 2773 0
1057 2511 1
1783 2656 1
2575 2919 0
73 2065 1
1349 1485 1
2782 2824 0
441 484 0
508 747 1
1307 2923 0
1281 1290 1
395 2805 0
881 1605 0
2225 2904 1
183 1593 0
1407 2092 0
1671 2918 1
385 2723 0
291 2527 1
470 1358 1
2059 2962 1
802 1412 0
199 2861 0
241 616 1
1011 2253 1
869 1440 1
960 1925 0
1380 2128 0
2671 2989 0
97 1896 0
869 887 0
717 2384 0
113 2131 0
587 979 1
1225 2979 0
1142 1341 1
2846 2986 1
769 1733 1
1620 2756 1
21 1048 0
326 444 0
985 2096 1
1701 2025 0
444 1678 1
1308 2268 1
831 1603 1
1245 2454 1
305 2733 0
840 2196 0
7 1135 0
2719 2723 0
1160 2160 0
469 1495 0
54 1131 1
305 2359 0
721 1613 1
2263 2438 1
396 606 1
924 1982 1
2139 2933 1
1125 2322 0
825 2499 0
1937 2205 1
2021 2158 1
570 2306 0
2102 2479 0
1227 1474 1
1074 2034 1
2592 2691 0
998 1819 1
319 2378 0
2912 2936 0
2791 2939 0
940 1502 1
202 1446 1
1571 1799 1
1365 2283 1
1206 1459 1
1585 2887 0
470 2013 0
620 2437 1
1367 2423 1
1714 2007 0
933 2600 1
1352 2199 0
658 972 0
2160 2478 0
1644 2796 0
916 2395 0
1096 1416 1
2024 2911 1
830 2369 1
1118 1287 1
515 1597 1
2472 2710 0
807 2836 0
156 2318 1
1127 2190 0
1198 2281 0
501 2038 0
1324 2935 0
218 2623 0
281 1723 0
62 891 0
1401 2234 0
2322 2532 0
9 2113 1
1164 1787 1
883 1921 0
720 2494 0
2726 2801 1
804 1535 0
259 2419 0
86 1096 1
1304 1966 0
375 2526 0
148 2188 0
1180 2088 1
1018 1097 0
1139 1208 1
732 2564 0
1478 1983 1
1293 1964 1
244 2887 0
1268 1454 0
1093 1369 0
500 1922 0
1189 2537 1
637 1784 1
589 1906 1
1509 1665 0
797 2175 1
1471 2114 0
30 1211 1
1722 2375 0
657 2849 1
574 2740 0
675 1760 0
230 1507 1
486 2578 1
1394 1756 1
2175 2701 0
1231 2644 1
1284 2613 0
675 1383 1
690 989 0
40 1970 0
1346 2458 0
1586 1963 0
203 428 1
220 2101 0
521 2392 0
1725 2396 1
188 1040 1
1555 2152 1
201 1618 0
2156 2309 0
1948 2014 1
1580 1660 1
2079 2748 0
61 2379 0
918 2483 0
2284 2395 0
1312 2865 1
707 1310 1
704 1743 1
200 893 0
763 2289 1
2170 2212 0
626 1077 0
345 2876 0
0 1051 1
572 802 1
526 2955 1
1445 2005 0
815 2467 0
187 888 1
198 382 0
1564 1968 0
175 2544 0
1812 2063 1
1407 1958 0
1055 1579 0
948 2347 1
1826 2152 0
1045 1482 1
1373 2352 0
86 1577 0
2220 2794 0
320 2032 1
1783 2605 1
2577 2924 1
411 1501 0
1691 2176 1
778 1196 1
998 1421 0
111 1249 1
772 1724 0
1448 1902 1
146 1032 0
539 1519 1
646 1790 1
1670 1757 1
1465 2118 0
799 1681 0
299 935 0
382 448 0
1287 2881 1
298 1950 1
757 2131 1
1848 2434 1
1107 1444 0
2486 2722 0
193 2292 0
716 2796 1
2211 2469 1
1658 2944 0
1774 1778 0
1686 2878 0
1982 2409 1
117 2246 0
993 2178 0
1346 1794 0
335 1067 0
2040 2941 1
855 966 0
106 1889 0
1084 2313 0
878 1844 0
392 2302 1
32 429 0
519 1151 1
631 724 1
509 1901 0
1549 2579 1
1208 1542 0
1002 1161 0
311 2574 1
1336 2738 0
536 1495 1
542 2545 0
787 1878 1
2020 2422 0
432 2650 1
185 2815 0
2672 2941 1
165 2697 0
209 1679 0
2188 2390 0
1880 2350 1
118 1718 1
502 2494 1
1478 2365 1
705 2822 0
657 670 0
276 1619 1
1054 2609 0
467 558 1
2805 2889 1
1107 2486 1
1435 2534 0
1662 2889 1
890 1362 0
2044 2098 0
252 2602 1
1597 2249 1
708 2974 0
1752 2669 1
1316 2250 1
14 2404 0
1449 1566 0
527 912 1
110 2410 0
892 1962 0
1850 2487 0
1754 1910 1
413 2831 1
288 1816 0
601 2559 1
1481 2701 0
1931 2553 1
1162 2044 1
799 2980 1
23 2232 1
1678 2131 0
503 2268 1
1518 1991 0
2507 2514 1
2103 2110 0
1988 2387 1
1599 2275 1
1326 2659 0
572 2208 1
641 1416 0
1592 1900 0
828 1272 0
1180 1416 0
317 432 1
260 1409 1
1700 2686 0
341 2137 1
438 2349 0
876 1908 1
121 1140 1
2289 2516 1
2029 2937 1
2050 2052 1
53 59 1
1389 1895 0
87 748 0
763 2284 1
1509 1562 1
1774 2107 0
315 1895 0
2531 2642 1
1334 1688 1
1038 1260 0
1043 2603 1
123 229 0
1162 2483 1
321 342 0
324 1140 1
827 2149 1
858 1887 1
1037 1735 0
26 662 0
1062 2402 0
2100 2993 1
1818 2360 1
646 1382 1
391 2630 0
496 2904 0
700 724 1
803 2640 1
1907 2364 0
1107 1762 0
1826 2097 0
1361 2921 0
688 2208 1
2189 2742 0
1113 2497 1
975 2756 0
654 2160 1
1653 2119 0
995 2895 1
479 644 0
2255 2868 1
1024 2292 1
457 565 0
715 1098 1
342 986 1
1728 1928 0
407 2512 0
115 617 1
1591 1844 0
64 333 0
537 1528 0
843 1239 0
1645 2690 0
1777 2473 1
832 2450 1
154 1343 1
426 1678 1
226 383 1
1644 2682 1
268 844 0
262 284 0
2137 2831 0
181 1568 1
360 2915 0
596 972 0
1729 2699 1
487 723 1
352 1704 0
1090 2147 1
586 2814 0
1419 1431 1
116 280 0
415 1749 1
1284 2627 1
899 1500 0
35 2030 0
170 1157 1
2025 2382 1
714 1872 0
2146 2721 1
380 1087 1
846 1987 0
305 915 1
322 1948 1
1182 1729 0
69 1892 0
2795 2929 0
1005 2746 0
1897 2963 1
1453 1816 0
198 360 1
1383 1628 0
1128 1994 1
518 1300 0
883 2385 0
1508 2597 0
1676 2053 1
710 980 1
292 434 0
522 1361 0
1368 2013 0
1833 2120 1
1236 1292 1
2091 2999 0
887 2292 0
2184 2971 0
270 1294 1
279 1265 1
659 2264 1
1108 1722 0
29 1375 1
1957 2418 1
580 2420 1
1814 2787 1
2465 2644 1
484 773 1
1988 2147 0
190 453 1
50 2926 1
377 421 0
343 541 1
1458 2209 0
647 2523 1
951 2693 1
1401 2823 0
773 2457 0
2096 2409 1
415 2341 0
1835 2770 1
1946 2193 1
448 2056 1
1212 1588 1
27 1689 0
2103 2164 1
1517 1648 1
1321 2075 1
1450 1572 1
2123 2366 0
810 2897 1
1731 2926 1
636 2980 1
1327 1581 1
2758 2774 1
347 1300 0
0 2336 0
1701 2078 1
100 1308 0
1869 2820 1
93 2264 0
1545 2810 1
188 1131 1
5 687 1
693 1134 0
701 1447 1
828 1716 1
1467 2230 1
1122 1313 1
447 2688 0
1393 1430 0
743 2683 0
1121 2731 0
201 1715 1
120 2540 0
593 2690 1
837 1595 0
1826 2732 1
978 1458 0
465 1983 0
574 929 1
77 2203 0
2867 2961 1
1522 1789 0
2057 2284 0
155 268 0
434 1096 1
698 1638 0
519 847 1
1204 1580 0
215 831 0
1406 2378 1
1113 2286 1
32 2128 1
1879 2609 0
487 2512 1
933 1977 1
379 2281 1
1307 2279 0
1108 1648 1
1890 2675 0
2560 2743 1
1550 2308 1
2727 2801 1
676 841 1
964 1122 1
1131 2618 0
1615 2099 1
1128 2180 0
710 1275 0
818 2021 0
1154 2640 1
648 2137 1
2404 2740 0
588 1635 0
542 1567 0
768 1916 0
1444 1764 0
2557 2840 1
712 1447 1
1515 1835 0
1302 2131 1
866 2392 0
136 1615 1
162 2958 1
970 1418 0
290 1579 1
858 2939 0
2046 2178 1
1154 1246 1
980 1112 0
2277 2623 1
357 2203 1
794 1368 1
2293 2338 0
257 2157 1
593 2818 0
626 1383 1
1171 1629 1
1781 2059 0
22 68 1
562 2233 0
349 2042 1
2180 2872 1
351 1424 0
884 1006 0
112 2790 0
432 2861 1
2202 2656 0
526 1389 0
447 621 0
2228 2283 1
6 704 0
1832 2425 0
167 500 0
378 1814 0
504 2729 1
1538 1620 0
285 894 1
475 518 0
834 1761 1
1461 2158 0
120 2940 1
2423 2709 1
1362 1698 0
2358 2366 1
1326 1584 1
844 1594 0
151 206 1
392 1049 1
1685 2172 0
814 860 1
1156 2829 0
2015 2887 1
12 206 0
169 1517 0
415 1574 1
417 2338 1
1844 1897 1
959 1683 1
1720 2674 1
645 769 0
2493 2803 0
1344 1556 0
760 966 0
748 2159 0
633 2836 1
1548 2076 1
1046 2246 1
2293 2907 1
341 2355 1
713 2986 1
1292 2473 1
1064 2832 0
1521 2171 1
2062 2838 1
1065 2848 0
1899 2023 0
128 1165 0
2403 2860 1
211 2674 1
1695 2941 0
923 1791 0
692 867 0
1466 2197 1
5 955 0
944 2360 1
153 378 0
1226 2924 1
1311 1772 1
485 2484 0
599 1255 0
1968 2390 0
616 2058 1
655 2806 0
2452 2485 0
1002 1675 1
375 693 0
416 1530 0
1170 1647 1
220 2929 1
595 2012 0
1980 2549 0
1570 1932 1
2498 2722 0
691 1647 0
443 2124 0
1333 2372 0
635 2951 0
2085 2264 1
1349 1797 1
2404 2413 0
1766 1902 1
273 863 0
256 924 0
1965 2022 1
2291 2856 1
1016 1130 1
885 1032 0
213 2741 0
211 1525 1
1024 2984 0
2014 2581 0
753 2111 0
164 2659 0
1508 1702 1
2244 2536 0
236 2315 1
216 1643 0
115 1785 1
771 2139 0
1099 2898 1
1020 2657 1
1350 2137 1
1429 2195 0
715 1781 0
677 2125 0
1262 2671 1
2222 2415 1
1086 2703 0
1312 2582 1
681 2524 0
975 991 1
974 2786 0
557 2119 1
1415 2568 0
289 2700 0
132 2514 1
137 2829 0
816 1270 1
781 2081 0
464 2419 1
2053 2231 0
182 2948 1
648 739 0
1261 1487 0
602 1456 1
263 316 0
2288 2832 0
1111 1686 0
1203 2156 1
1334 2568 0
905 2830 0
195 259 0
1819 1973 0
1136 2351 1
520 666 1
801 2193 1
2118 2557 0
462 2734 1
2779 2883 0
2030 2510 0
2715 2751 0
1406 2158 0
1759 2561 1
451 702 1
184 867 1
682 2867 0
972 2093 0
1404 2421 1
442 1773 0
1654 2976 0
1373 1732 1
1375 2744 0
182 2622 1
743 1502 0
595 1695 0
531 1110 0
1772 1832 0
430 645 1
4 1912 0
1507 1531 0
34 2814 0
33 350 1
154 1948 0
695 1854 0
986 2734 0
48 1550 0
1186 2135 1
1201 1700 1
281 1473 0
2273 2655 0
1464 2678 1
1379 2251 1
253 2288 0
1716 2792 0
818 1539 1
871 2694 0
1483 2232 0
1881 2187 1
1611 2400 1
1907 2446 0
1003 2277 1
1623 2888 0
1795 2722 1
2153 2193 0
659 2332 1
919 1807 1
26 2686 1
108 1931 1
1853 2028 1
714 2136 1
498 2768 0
1387 1455 1
974 1323 1
1573 1885 0
1282 2239 1
980 2544 1
2041 2635 0
1647 2598 1
2728 2994 1
442 872 1
115 1006 0
1256 1927 1
2463 2869 1
1031 1778 1
749 2465 1
623 1743 1
744 2392 0
2553 2842 0
49 283 1
1546 2223 1
440 1368 0
444 1770 0
1617 2465 0
484 510 1
1984 2800 1
504 2407 0
865 887 1
625 746 0
626 1283 0
241 1912 1
499 2365 0
127 844 1
1410 2945 1
1117 2092 0
943 2382 0
51 1535 0
1347 2141 1
1985 2878 1
2372 2884 1
432 815 0
1327 1563 1
1105 2929 1
494 1625 1
862 2669 0
1716 2580 1
1067 2502 0
703 1165 0
469 1721 0
962 1710 0
1781 2913 1
1112 2897 1
1370 1535 1
563 2161 0
818 1840 1
1737 2947 0
24 966 1
2467 2944 1
1461 2467 1
1667 2215 1
1229 1536 0
622 1127 1
709 1981 1
379 2224 1
1300 2151 1
1434 1582 0
1618 2254 1
810 2578 0
806 1398 0
529 2030 0
58 992 0
787 2050 0
560 1971 0
1592 2368 0
1686 2591 1
570 2755 1
966 1385 1
1835 2169 1
541 831 0
610 2023 0
3 608 0
1394 2572 0
1841 1982 1
1126 1151 0
117 2075 0
614 1101 0
466 1910 0
75 190 1
617 2345 0
595 2707 0
721 2737 0
839 2705 1
687 1201 1
138 638 0
1789 2311 1
887 2381 0
673 2628 0
2146 2827 0
1575 2634 1
1354 1897 1
1952 2582 1
285 1099 0
314 2451 1
1370 2348 0
1380 2965 0
2067 2312 0
1862 2772 0
93 2826 1
1245 2398 0
1846 2839 0
1221 1600 1
851 948 0
876 2995 0
420 1840 1
1207 2575 1
1823 2959 0
1538 2680 1
740 948 0
354 811 0
81 2064 1
331 569 1
2324 2765 0
2580 2874 0
797 877 0
871 2132 1
1753 2431 0
2033 2034 1
1933 2933 1
1231 1482 1
1362 2514 1
656 2879 1
724 2346 0
503 2442 0
123 935 1
419 1959 1
1857 2290 1
605 2790 1
751 2121 1
473 2417 1
975 1204 0
15 1656 1
1560 2682 1
2240 2294 0
1013 1768 0
393 800 1
159 2039 1
247 1392 1
679 1479 1
57 1994 1
997 1289 0
1643 2471 1
1978 2637 1
1094 1760 0
1754 2933 1
182 1212 0
215 2761 1
768 2778 0
2339 2819 0
850 2873 0
751 2925 1
566 649 1
274 2734 0
471 2863 1
530 1699 1
2072 2825 1
479 1748 1
1500 1755 1
26 1573 1
578 629 0
1086 2007 1
1013 1230 1
29 575 0
1367 2781 1
227 2034 1
14 146 1
561 2417 1
1572 2157 1
824 2371 1
1235 2118 0
543 2844 0
2732 2858 0
1657 2548 1
45 2549 0
958 1756 1
1491 1969 1
841 1980 1
956 2425 1
1652 2554 1
2402 2628 1
1195 2290 1
801 1811 0
1127 2757 0
864 2503 1
1771 2651 1
284 1820 0
1765 2037 0
514 1347 0
532 2368 0
2083 2806 1
946 2274 1
864 2819 0
0 2279 1
739 2695 1
1955 2978 0
863 2948 0
2651 2812 0
135 751 0
376 2805 0
2335 2340 0
319 2020 1
50 2623 1
1292 1682 0
601 2973 0
78 2032 0
775 2253 1
2211 2965 1
719 1696 1
1569 1761 0
372 2966 0
1051 2082 0
1302 2702 0
720 2043 1
496 2992 1
851 958 1
672 2118 1
312 1929 1
169 648 0
176 1614 0
1873 2357 0
737 2334 0
527 1584 0
2007 2895 0
1676 2030 1
2075 2418 0
1559 1934 1
1775 2028 1
1282 1946 1
729 1055 1
843 2705 0
614 1969 0
1580 2860 0
2047 2065 0
1141 2102 1
157 2903 1
29 47 0
1031 1342 0
1642 2369 1
1624 2716 0
107 1091 1
1455 1879 1
606 995 1
329 1224 1
1900 2485 0
1240 2847 1
471 715 1
111 2879 0
1322 1484 0
2320 2659 1
2253 2552 0
2028 2528 1
368 2011 0
902 2192 1
1115 2814 1
371 596 1
2010 2419 1
1158 1546 1
641 1335 1
326 1218 1
1589 2824 1
264 1188 1
1469 2225 0
1732 1852 0
705 1407 0
1338 2349 0
562 1293 0
950 1036 0
1048 1586 1
1727 2841 1
833 1903 0
332 680 1
1462 1861 1
1116 2167 1
314 2794 1
536 1434 0
1371 2168 1
1253 2239 0
806 848 1
1454 1959 1
19 259 0
1669 2217 1
546 1133 0
1356 2105 0
1002 2970 0
1905 1930 1
2006 2503 1
1404 1784 1
1519 2229 1
1191 2668 1
2407 2480 0
2029 2293 0
2227 2364 0
61 2548 0
1451 2601 0
1160 1825 0
1068 1546 0
1691 2563 0
917 2976 0
1018 2611 0
879 1949 0
234 1456 0
982 2055 1
631 1222 0
1877 2841 0
456 2107 1
1619 1967 1
401 2690 0
940 2861 0
1944 1971 0
2071 2610 1
212 1296 1
1554 2992 0
1899 2012 0
1325 2138 1
1374 2932 0
569 745 1
190 1080 1
98 2654 0
480 1501 0
1709 2606 1
96 1141 1
29 1060 1
924 1295 1
842 2266 1
1642 2760 0
805 2301 0
935 2475 0
75 1950 0
70 1694 0
362 1823 1
185 992 1
653 1556 0
195 1889 1
1722 2752 0
1393 2363 1
925 1778 1
1036 2703 0
1453 2613 0
432 1204 1
501 1668 1
1515 2268 0
26 1087 0
1184 2212 0
127 953 0
1424 2646 0
1549 1719 0
795 2000 0
183 2003 1
1241 1458 1
520 2945 0
2717 2842 1
85 162 0
2537 2695 0
199 2529 1
321 2629 1
1496 2855 0
1951 2676 1
2341 2914 0
2639 2643 1
1461 1476 1
1629 2764 0
515 1110 0
613 1095 1
2187 2189 0
107 1269 0
1505 1801 1
861 869 0
1603 1867 1
1018 1288 0
592 2738 1
1860 2365 0
2245 2361 0
720 2391 1
1915 1950 1
1912 2314 1
278 1653 0
825 2738 1
492 2746 1
578 961 0
1792 2307 1
598 2808 0
793 1858 1
592 1034 0
326 1477 1
526 1445 1
1163 2286 0
487 1296 0
1245 1628 1
1268 2145 1
2218 2937 0
1036 1107 1
1633 2756 0
450 1350 1
983 1375 0
477 1488 1
880 2104 1
167 1335 1
915 2241 0
195 589 1
887 1283 1
2100 2467 1
251 423 1
160 2428 1
704 2531 0
1146 1607 1
128 2160 1
1758 2578 1
291 1894 0
150 1707 1
533 820 1
271 454 0
1445 2189 0
1386 2354 1
1243 1562 1
2651 2817 1
1765 2957 1
397 866 0
1088 2015 0
2009 2596 1
2158 2914 0
841 1772 0
1455 2971 0
1883 2972 1
1413 1843 1
424 705 0
50 1839 0
592 1138 1
151 784 1
396 1024 0
2006 2690 1
795 2192 0
1099 2621 0
1936 2483 0
2750 2883 0
348 513 0
1565 1618 0
1738 1782 0
355 2452 1
1974 2154 1
169 1340 0
219 1088 1
267 817 1
2155 2662 0
228 1875 0
99 2331 0
664 2002 1
1208 2843 0
1992 2667 1
917 1433 1
924 2337 1
131 829 1
24 1019 0
768 1253 1
45 2449 0
1340 2476 0
248 499 0
233 846 0
2691 2947 1
1815 2932 1
2008 2359 1
15 265 0
1081 2486 1
663 2295 1
1111 2383 1
280 2980 1
1464 2805 0
717 1427 0
1444 2847 1
996 1778 1
1129 2496 1
1428 2190 0
237 2295 1
781 1276 1
2069 2520 0
498 1941 0
1327 1904 0
66 993 1
990 2038 0
516 2934 1
1248 1619 0
413 414 0
597 2044 0
1407 1937 1
355 1573 0
847 2885 1
1777 2819 1
1588 2936 0
1027 2205 1
892 2482 0
406 2015 0
730 1636 0
172 2273 0
458 2933 0
1185 2567 0
989 1526 0
538 2938 0
2610 2646 0
953 1655 1
170 2550 1
1800 2504 1
2503 2740 0
2667 2813 0
1964 2689 1
1779 2042 0
1335 1521 0
1185 2359 1
83 2093 1
88 321 0
179 2142 0
638 2523 0
678 1082 0
143 552 0
339 1415 1
1653 2214 1
920 2655 1
1398 2728 1
1303 2516 0
939 2011 1
972 2491 1
1075 2338 0
75 2798 0
1061 1185 1
2007 2682 0
39 252 0
1352 2357 1
1477 2505 0
866 1161 1
639 782 1
459 1338 1
260 1280 0
1862 2125 1
2268 2573 1
1382 1981 0
2620 2798 1
528 2139 0
578 2216 0
1319 2508 1
737 830 0
583 1636 1
806 957 0
144 1317 0
1480 1609 1
425 1156 0
679 980 0
711 1166 0
362 1309 0
227 816 0
194 2411 1
2151 2353 0
409 2217 1
676 2365 0
581 1474 1
1712 2463 0
2033 2634 0
135 2954 0
813 1788 1
119 1589 0
1377 2330 1
62 1328 1
736 1806 1
540 1747 0
1150 1965 1
665 1603 0
1472 2460 0
2171 2775 1
2764 2919 0
1261 1337 1
528 668 0
697 1154 0
1072 1737 1
173 1884 0
1021 1689 1
1714 2798 1
2733 2910 1
574 2941 1
648 1078 0
838 1671 1
577 1694 0
262 1648 0
1100 1269 1
59 1306 0
1217 2243 1
2489 2708 1
1032 2987 1
823 2924 0
145 1415 1
1486 2321 1
191 1350 0
1544 2184 1
608 1831 1
2750 2820 1
16 2160 0
1074 1346 1
1053 1332 0
1387 1572 0
1316 1391 0
356 432 0
1765 2031 0
1334 1401 0
1220 2836 0
1980 2898 0
1728 2864 0
47 907 1
680 1756 1
2512 2919 0
559 1807 0
1480 2754 0
2710 2864 0
540 2111 1
521 2468 1
74 1477 0
918 1836 1
1243 2060 0
537 2790 0
585 791 1
2379 2448 1
713 2327 0
2389 2522 0
524 928 0
1101 2501 1
1323 2142 0
189 637 1
660 2265 0
1161 2010 0
1583 2380 0
759 1551 1
357 1927 0
533 534 1
1259 2389 1
382 1402 1
1693 2343 1
1942 2725 0
1025 2088 0
43 2426 1
91 2036 1
1298 2877 1
1982 2553 1
1954 2466 1
613 1907 1
899 1060 1
239 508 0
1756 1995 0
1417 2987 1
834 1247 0
124 1822 1
1008 1451 1
1452 2538 1
1698 2991 1
650 2901 0
110 1951 0
2 1624 1
1643 2636 0
1968 2526 0
2129 2189 1
257 1555 0
253 2424 1
2608 2945 1
1370 2803 1
635 1621 0
262 823 1
823 1191 0
1316 1336 1
1246 2226 0
664 2754 0
1311 1408 1
2367 2808 0
499 2264 1
2571 2876 1
1881 2518 0
644 1476 1
765 1661 1
478 2267 1
2040 2485 1
849 1817 1
238 2066 1
1802 2174 0
2136 2193 0
2849 2984 1
119 2370 1
973 2418 0
98 2438 0
580 1663 1
950 2906 0
142 760 1
824 2840 0
2170 2670 1
538 1039 0
1791 2618 1
780 1696 0
2361 2934 0
371 2314 1
441 600 1
1357 1751 0
451 2214 1
386 2780 0
626 1356 0
675 1123 0
1169 2675 1
965 2375 1
18 1270 1
883 2261 1
2727 2729 0
1186 2580 0
133 504 0
56 2588 0
1512 2876 0
221 1950 1
1413 2204 0
576 702 0
68 2395 0
1535 1952 0
440 2045 1
465 1339 0
722 742 1
776 1582 1
1406 1613 1
1289 1485 1
691 2552 0
118 941 0
235 2406 0
1657 1979 1
81 2767 1
1319 1494 0
2331 2811 1
2661 2996 1
2110 2746 0
54 481 1
2177 2370 1
1521 1711 0
1299 1554 1
1822 2549 0
121 1920 1
1324 2039 0
1169 2727 0
1781 2341 1
1990 2702 0
591 1296 0
1 685 0
390 1695 1
689 1761 0
2190 2816 1
2083 2318 0
389 2261 1
392 1847 1
584 1381 0
1881 2101 0
2121 2526 0
67 1378 1
709 1350 0
940 1673 0
243 1860 0
83 1490 0
1488 1790 1
550 979 1
1072 1485 0
1194 2307 1
1052 1443 1
1189 2947 1
1240 1952 1
734 1587 0
1455 2507 0
2005 2800 0
317 1037 0
2064 2410 1
118 1325 1
1802 1856 0
37 287 1
1158 2131 0
1585 2541 1
426 2389 0
180 809 1
1017 2965 0
1095 2390 0
910 1296 0
96 2124 0
282 2462 1
1228 1312 0
1203 2330 0
839 1643 0
888 1970 0
633 1755 0
1730 1958 1
299 487 0
62 976 0
483 1950 1
121 480 0
278 1212 0
140 1375 1
367 1321 1
821 2592 0
2226 2739 0
786 1617 1
1046 2340 1
760 863 1
1190 1511 1
423 2857 0
573 1365 0
36 442 1
723 2370 1
814 2320 0
2013 2576 0
2132 2900 1
627 1653 1
1816 2980 0
833 2717 0
2685 2850 0
2222 2732 1
1181 2931 0
1420 2194 1
1299 2614 1
1377 2560 1
218 914 1
1485 1534 0
174 1269 1
2505 2837 0
1092 2998 0
2907 2986 1
2072 2953 0
469 944 0
732 2833 1
192 2797 0
709 1614 0
1084 1647 1
403 1122 1
80 631 1
1290 2000 1
1010 1243 0
333 1453 0
470 727 0
923 1487 0
249 281 1
2918 2973 1
1381 2003 1
1356 1844 1
1918 2801 0
218 2718 0
170 1173 0
1445 1759 0
1144 2497 0
544 1421 1
2933 2943 0
531 2633 1
1477 1634 1
1178 1741 0
2111 2489 0
21 1323 0
1425 1519 0
338 642 0
2267 2398 1
165 2647 1
1572 1971 1
1752 2141 0
1881 2239 1
2161 2635 0
387 1777 0
1073 1822 0
601 731 0
46 1010 1
1206 1868 0
924 2277 0
127 1590 1
932 1442 1
244 1938 1
818 2247 1
1322 1830 1
568 2618 0
1106 1925 0
239 2500 1
2598 2702 1
1598 1956 1
847 2477 0
1046 1062 0
1078 1319 1
1966 2962 1
373 1448 0
1026 1958 0
1828 2981 0
997 2710 1
444 2632 1
226 1768 0
1054 1870 0
797 1792 1
400 2792 0
676 2209 1
1122 1910 0
1588 2433 1
214 359 1
2484 2755 0
759 1201 0
1557 1977 0
926 2009 1
488 1654 1
1558 1750 0
2211 2956 0
1324 1830 1
1296 1536 1
2446 2706 1
1963 2580 1
227 2708 1
124 1312 0
676 1040 1
717 2341 1
1104 2669 1
223 2416 1
2111 2394 0
58 2698 0
292 2402 1
882 919 0
819 2424 0
920 1402 0
104 620 0
1920 2510 0
2254 2270 1
1504 1532 1
167 1933 0
1332 2652 1
478 1182 1
547 1594 1
223 1413 0
1930 2976 1
559 2759 1
920 2397 1
1153 2471 0
75 1625 1
1233 1918 1
1102 1473 1
1204 2583 1
2043 2750 0
1396 2147 0
1501 1778 1
202 1058 1
1632 1699 0
29 2802 0
1022 1866 1
1192 2861 0
807 2622 1
1509 1851 1
1934 2113 1
812 1850 1
99 2684 0
984 996 0
1573 2870 0
1682 2556 0
1025 2770 0
184 1586 1
1705 2365 1
1878 2977 0
1734 2098 1
4 2778 0
2449 2917 0
698 1466 1
2595 2673 1
408 2954 0
2564 2941 0
1233 2678 0
1547 2409 0
1473 2793 1
1059 2835 1
348 1888 1
63 1357 0
161 2173 1
252 399 1
703 2464 1
334 1410 1
776 1606 0
950 2554 1
2194 2546 0
1503 2518 0
66 1234 0
2078 2396 1
6 954 1
2176 2784 1
779 1121 1
1277 1609 1
19 231 1
11 699 0
1597 2028 0
607 2212 0
857 1697 0
1102 1981 1
1539 2351 0
1864 2991 0
106 1436 1
678 962 1
83 1211 0
1264 2415 0
2349 2971 1
27 451 0
325 1942 1
42 386 1
93 1853 1
127 1098 0
1816 2174 1
1077 2555 1
2080 2287 0
199 512 1
2240 2306 1
265 923 0
800 2174 0
735 2536 1
627 2158 1
370 1043 0
63 2456 0
848 2362 0
1056 1743 1
411 2300 1
1556 2168 1
1179 2116 0
1000 1889 0
2567 2668 1
480 837 1
868 1748 0
431 1598 1
376 2625 1
1097 2913 0
1566 2855 1
1115 2726 1
2855 2988 1
676 2763 0
2653 2970 0
128 2310 1
501 636 1
494 2750 0
1875 2838 0
1134 2091 1
1236 1596 1
1296 2752 1
1107 2048 0
520 1838 1
13 2181 0
313 2576 0
973 2057 1
1538 2254 0
1424 2423 0
1625 1813 0
811 2180 0
190 414 0
2112 2895 0
894 2371 1
429 1730 0
1027 1973 1
261 960 0
502 2831 0
221 2166 1
263 2544 0
80 215 0
506 2285 0
1502 2616 0
2123 2177 0
1255 1925 0
30 2061 0
170 571 0
766 2098 1
991 2440 0
2291 2520 1
489 2074 0
841 1342 1
473 1440 1
1895 2362 1
1680 1710 0
38 2910 1
559 832 1
707 1575 0
1927 2791 1
701 1384 0
767 2276 1
510 2102 0
1064 1717 1
442 967 0
1185 2441 1
1558 2414 1
1141 1356 0
1145 2752 1
976 1831 0
1124 2769 1
1467 2665 0
646 2865 1
1551 1593 0
73 934 0
414 1643 0
1854 2326 1
1106 2576 1
141 154 0
1790 2804 0
919 1861 0
1679 2805 0
59 2944 0
2155 2399 1
226 921 1
1088 2046 0
152 1311 0
255 959 0
588 2746 0
4 2702 1
2433 2885 0
1600 2063 1
91 2406 0
1424 2233 1
515 1978 0
57 1247 0
2089 2503 0
896 1894 1
1547 1829 1
1174 1746 0
2110 2690 1
323 1018 1
1031 2355 1
1921 2276 0
636 1232 0
1667 2045 0
1742 1845 0
274 2212 1
733 2289 0
590 1305 0
58 2108 1
281 1555 0
716 2593 1
1029 2782 0
951 2173 0
1103 1862 0
1650 2036 0
1236 2655 0
86 533 0
309 2433 1
197 1527 0
1717 2760 1
447 936 1
2027 2409 1
548 1224 0
639 1430 1
1123 2687 1
2008 2604 1
2146 2346 0
1911 2953 1
723 1709 1
807 2177 0
633 1360 1
1205 2482 1
85 968 1
770 1666 1
652 2899 1
1190 2503 0
803 1635 1
1245 2222 0
1493 1756 1
1386 2018 0
246 918 1
828 1078 1
998 2308 1
1097 1258 0
348 1317 1
898 2142 1
757 1571 0
1206 2807 0
615 2352 1
557 2826 0
1098 2126 1
477 2918 1
152 1044 1
868 2968 1
611 1390 1
77 1263 1
843 2415 1
2106 2610 1
1688 2688 1
389 1705 1
131 271 0
1640 2846 0
1580 2018 1
882 2979 1
535 2272 1
1432 1971 0
1869 2004 0
745 894 0
1055 2886 0
1033 1993 1
881 2584 1
1789 2868 0
1849 2596 0
591 1402 1
619 1723 1
1411 1704 1
2918 2927 1
1086 2271 1
1232 2887 1
1876 2002 1
239 704 1
1476 2987 0
1783 2042 0
2302 2751 1
1404 1410 0
606 2517 1
2174 2967 0
2529 2735 0
752 794 1
1099 2176 0
1425 2534 1
1413 2964 0
1262 2022 0
1864 2685 0
164 2914 1
1000 2153 1
402 2482 1
1026 1724 1
716 960 0
189 2569 0
760 2049 0
1045 1234 0
71 1266 0
1465 2404 1
512 2167 1
443 1716 0
1591 2413 0
2372 2820 0
1856 2966 1
714 2161 1
2893 2996 1
1030 2119 1
116 2390 1
538 953 1
1162 2430 1
1180 2719 1
1188 2655 0
1976 2415 0
92 2922 1
2046 2877 1
2297 2303 1
1271 2719 0
244 1487 1
1452 2055 0
673 1470 0
632 2424 1
1619 2205 0
234 2549 1
376 2464 0
293 1291 0
957 1604 0
1003 2833 1
1792 1924 1
2409 2444 0
1090 2620 0
1244 1989 0
1484 1784 1
1592 1736 1
2075 2709 1
352 2648 0
357 2353 1
266 2466 1
207 2728 0
2201 2441 1
581 2272 0
2461 2968 0
1600 1649 0
1606 2569 0
1798 2193 0
1171 1876 1
2006 2161 0
961 1489 1
498 2491 1
1139 1412 0
1394 2916 0
2079 2705 1
1616 1860 0
923 2753 0
648 1682 1
2259 2525 0
620 2209 0
2584 2769 0
1015 1032 0
1495 1692 0
390 1508 0
967 2177 1
1501 2370 0
1248 2243 0
1009 1622 1
114 2121 0
365 2667 1
922 2248 0
2258 2950 1
120 1821 0
2435 2609 1
474 1017 1
911 1331 0
375 546 1
2664 2729 1
1840 1886 0
2399 2684 0
933 2662 0
1398 2028 1
1448 2673 0
1147 1373 1
122 2421 0
1695 1801 0
328 1397 0
221 1221 0
817 1610 1
214 1426 0
377 2453 0
1097 1893 1
1186 2763 1
127 1205 0
94 1979 1
1928 2642 0
295 668 0
216 680 0
248 2140 0
1467 1962 1
777 1175 1
1689 2903 1
126 1767 0
1178 2611 0
972 2630 1
277 1547 1
736 2544 1
142 2560 0
120 2956 1
554 931 1
1798 2763 1
1084 2085 1
394 1611 0
378 1743 1
1771 2465 0
1225 2109 1
1843 2243 1
999 2739 0
284 2757 1
938 1819 1
1389 1841 0
232 2519 0
1866 2807 0
1335 2295 0
1563 1880 0
1176 2875 1
422 1107 0
448 2775 1
2076 2676 0
2645 2824 1
857 2477 1
524 2069 1
2045 2872 0
2172 2494 1
898 1646 1
569 746 0
932 1345 0
1268 2426 0
9 1961 0
685 2777 1
384 1753 0
960 1034 1
789 1668 0
2545 2945 0
118 2327 1
1078 1659 1
679 1688 0
1834 2941 1
1238 1964 0
1380 1726 0
461 2461 0
437 2964 1
350 940 1
400 523 0
149 2100 0
1594 2598 0
1274 2782 1
54 1459 0
968 2092 0
502 1855 0
176 1659 1
1061 1642 0
1894 2761 0
1204 1703 0
2253 2952 1
2604 2725 1
2622 2678 1
190 544 0
510 2910 0
2085 2866 0
971 1294 1
1269 2274 0
821 1073 1
983 1769 0
269 1865 0
130 2789 0
1081 1612 1
1520 1684 0
527 1998 1
108 2086 1
45 190 1
1170 2405 1
216 628 1
1760 2517 0
109 493 1
1128 2449 1
1058 2654 1
1863 2612 1
1583 2928 1
854 1984 0
2167 2228 1
459 1318 0
1359 2897 0
1360 2439 1
851 1939 0
107 2674 0
708 2415 0
1735 2582 1
500 2308 1
610 1946 0
1811 2838 1
137 303 0
2070 2429 1
398 1859 1
1261 1439 0
714 2700 0
241 2089 0
1711 1809 0
1499 1632 1
1025 1251 1
28 1333 0
1463 2732 1
371 706 0
1745 2922 1
974 2882 0
1015 1452 1
46 289 0
722 2895 0
524 2858 1
1278 2126 1
1437 2808 0
1898 2233 0
1140 1479 0
2386 2470 1
2049 2800 1
847 1256 0
2484 2703 1
958 1175 1
462 2624 1
1119 1409 1
436 2880 0
1426 2175 1
966 1623 0
142 404 0
1369 1460 1
72 1852 1
1443 2624 0
2099 2792 1
1860 2197 0
292 2172 1
1774 1777 1
118 1184 0
2779 2882 1
2559 2707 1
1359 2235 1
345 2885 1
1252 2627 1
73 449 0
1606 2822 1
1926 2195 0
2524 2586 0
201 2881 0
618 2705 1
1633 2083 1
51 2495 1
64 1416 0
1836 1963 1
1683 2074 1
1120 2623 1
974 1599 0
1412 2149 1
929 2662 0
615 760 1
845 1840 1
493 2297 0
319 1988 1
2206 2588 0
1099 1322 1
549 801 1
218 1489 1
1629 1670 0
1328 1549 0
200 2653 1
140 881 0
1109 2546 1
1503 1797 1
1174 1887 1
241 2250 0
1110 2147 1
1151 2758 0
1732 2281 0
130 1754 0
2308 2835 0
1318 1906 1
1982 2276 0
635 2319 0
949 2132 1
2070 2350 0
73 2488 1
1690 2673 0
1698 2297 0
1226 2122 1
448 2924 0
922 1528 0
847 2164 0
1102 1901 1
239 2775 0
1997 2736 0
987 2459 1
998 2389 0
289 1862 0
1070 2560 0
1549 1727 0
429 1937 0
1779 2967 1
1279 2565 0
204 1534 1
153 274 1
2570 2921 1
524 2965 1
1663 2996 0
567 1326 0
1362 2623 0
1674 2001 0
857 2356 1
39 2041 0
1241 2398 1
2915 2922 1
1179 1556 0
2575 2806 1
473 1954 1
1384 2064 1
245 1735 1
1561 1820 1
856 956 1
8 34 1
1418 2968 0
821 1829 0
1329 1451 0
127 490 0
993 1553 1
1923 2509 1
1440 2550 0
2049 2832 0
1312 2476 1
957 2781 0
336 1437 1
319 1558 0
1009 1838 0
595 1152 1
178 505 1
1149 1344 1
1348 2607 0
1392 1685 0
2839 2879 1
1296 1690 1
18 1849 1
1327 1685 1
1061 2533 1
1098 2881 0
1297 2117 0
558 1329 0
927 2515 0
1272 1332 0
1663 1765 1
150 2505 1
2436 2778 1
629 2124 0
464 1256 1
1864 2027 0
1155 2604 1
1080 2747 0
591 2784 0
863 2476 0
1071 2616 1
2002 2166 0
452 1271 0
1037 1730 1
732 2747 1
977 2723 0
1926 2748 0
301 410 1
235 2183 1
485 2926 0
2591 2778 1
369 1759 1
134 1118 1
204 490 0
91 180 0
1452 2473 0
1050 1909 0
391 2211 1
1828 1912 1
1601 2050 1
64 2073 1
357 2279 1
1572 1740 0
211 1128 0
327 1103 1
282 1478 0
231 1874 0
327 2934 1
863 2810 0
1094 2369 0
521 2376 1
1233 1902 0
2009 2787 1
2345 2775 0
41 1743 1
894 1778 0
203 1763 1
91 699 1
347 1050 1
1791 2737 1
1537 2672 0
875 2579 1
1282 1965 0
1230 1648 1
2511 2599 1
1614 1617 1
1051 1620 0
1878 2490 0
254 2598 1
2064 2521 1
1345 2066 1
762 1349 0
128 1639 1
10 1384 1
125 2021 1
1660 2457 1
1694 1853 1
1790 1982 0
1070 1272 1
1042 1437 0
143 2169 0
2100 2948 0
1371 1997 0
2412 2479 0
443 1761 1
1524 2807 1
657 1660 0
2296 2528 1
417 663 0
1654 2532 0
916 2310 0
930 2544 0
1027 2955 0
468 2202 1
1515 2183 1
1410 2640 1
1174 2656 0
16 2872 1
702 2739 1
510 2820 1
488 1544 0
1073 1994 0
18 1316 1
1004 1718 0
304 1606 1
383 1035 0
320 427 0
2141 2648 1
719 1114 1
581 2927 1
1371 1931 0
2596 2799 1
2708 2976 1
785 1879 1
2144 2583 1
1629 2793 1
240 922 1
205 472 1
1025 2811 1
855 1290 1
1191 2244 1
1474 2288 0
136 2845 0
1492 2325 1
977 2493 1
542 2768 1
1341 2129 0
932 1942 1
895 2410 0
897 2389 0
2721 2807 0
1451 2642 1
1942 2794 0
365 1125 0
410 1880 0
266 958 0
1816 2610 1
1601 2460 0
271 996 1
585 1775 1
193 1409 1
865 2004 0
643 2171 0
123 953 1
624 2198 0
394 2983 0
1 117 1
388 1371 0
1749 2420 0
1865 2551 1
334 1634 1
625 2462 1
2262 2504 1
671 1543 0
1472 1632 0
825 1181 0
1751 2465 1
134 2708 0
607 2027 1
794 2425 1
219 312 1
1025 2958 0
860 2345 1
1202 1556 0
1758 2142 0
875 1926 1
668 2918 1
728 2579 1
1758 2383 0
713 1470 1
365 1366 1
531 2215 1
2266 2642 1
273 425 1
1052 2890 0
2056 2498 1
451 520 1
1643 1957 0
810 854 1
457 2668 1
1891 2785 0
566 1884 0
1873 2715 1
270 1030 1
1127 1815 0
511 2292 1
17 1574 1
965 1383 1
361 2638 0
1713 2271 0
1084 2181 0
944 2272 1
606 1879 1
625 2730 0
321 2636 1
817 1808 0
1356 1779 1
1275 2083 0
1306 1943 1
988 1902 0
385 2670 0
1499 1749 1
1261 1354 0
313 337 1
27 2316 1
1288 1347 0
736 1248 1
635 2377 1
1620 2082 1
416 2192 1
1337 2674 1
2231 2582 0
1870 2356 1
597 700 0
1330 2093 1
1143 1844 1
846 1847 1
339 1170 0
447 511 0
465 1279 1
155 2179 1
1361 2753 1
376 541 1
593 1035 0
1219 2536 1
1516 1927 1
262 1840 1
275 998 0
1004 2445 0
562 685 1
892 1744 1
2097 2842 0
1020 1366 0
105 832 0
628 2806 0
447 2356 1
102 1324 1
1656 2155 0
336 2010 1
568 1926 1
1273 2151 1
249 1060 1
272 2003 1
866 1426 1
896 1913 1
893 2444 1
1300 2702 0
2361 2800 0
1743 2434 0
583 610 0
2081 2709 1
15 773 0
1113 2996 0
554 770 0
822 991 1
2537 2587 0
460 2642 0
988 1141 0
1332 1452 0
126 2135 1
161 1941 0
1542 1630 1
1513 2683 0
220 1501 1
2195 2550 1
2100 2663 1
230 1444 1
101 1243 0
1997 2626 0
2104 2590 1
212 1011 0
291 1671 0
1390 2875 0
1673 2891 1
904 1460 0
2661 2695 1
368 1136 1
393 2300 1
1689 1782 0
731 733 0
1712 2328 1
317 1533 0
611 2360 0
265 2978 0
1676 2692 1
796 2100 0
842 1917 0
1882 2471 1
1485 1777 0
1477 2018 0
387 1922 1
749 1320 0
518 1534 1
366 2668 0
1590 2047 0
1524 2865 0
410 547 0
808 908 0
772 1896 1
27 2572 1
772 923 1
124 1755 0
1564 2042 1
283 1727 1
1579 2252 1
325 567 1
2684 2963 1
476 2768 0
338 902 0
2569 2972 1
1463 2568 0
1662 2314 0
326 1607 0
488 642 1
820 1325 0
546 2302 0
2454 2802 1
1882 2403 0
648 2995 0
1119 2282 1
802 1739 0
483 1602 0
2252 2515 1
1154 2510 0
219 2989 1
702 2683 1
509 981 0
1856 1932 0
458 2303 0
986 1068 1
2172 2960 1
59 873 0
1622 1841 1
1352 2956 0
912 2180 0
51 692 0
1047 1299 1
224 1560 1
918 1638 0
2535 2970 1
769 2327 1
946 2982 1
1599 2297 1
680 2536 0
146 2901 1
1568 2338 1
2077 2287 1
2496 2977 0
1443 2828 0
171 1246 0
27 604 1
11 2842 1
712 2567 0
968 970 1
1268 1546 1
694 2901 0
1347 2762 1
1414 1760 0
590 2550 0
438 2776 1
1631 2504 0
2424 2426 1
761 1504 0
615 2468 1
442 2899 1
1065 1395 0
516 1338 0
1474 2005 1
1884 2221 1
283 2009 0
911 2333 1
1008 1061 0
413 2533 1
2051 2056 1
343 1973 0
318 2959 1
311 648 1
1169 2648 1
210 2951 0
1683 2593 0
336 904 1
264 2167 1
76 1291 1
1012 2438 1
334 1664 0
732 1636 0
1130 2774 0
684 2292 1
697 2413 1
2599 2609 1
2366 2828 1
405 2896 0
214 258 1
797 1179 1
2038 2701 1
476 629 1
197 680 1
1635 2634 0
1322 1989 1
1825 2777 0
1127 2921 0
895 2733 1
612 2752 0
1939 2322 1
1693 2647 0
316 603 0
79 2979 0
1509 2296 0
638 2648 1
1420 2440 0
2083 2490 0
966 1808 0
443 881 1
506 1659 1
1075 2990 0
972 1924 0
227 1182 0
434 2150 1
2609 2771 0
67 400 1
119 985 0
1321 2534 0
621 2463 0
980 1619 1
2200 2470 0
86 2038 0
88 578 1
1746 2723 1
340 1955 1
429 1260 1
1295 2038 0
2114 2539 0
1418 2603 1
580 2513 1
594 1030 0
1238 1289 1
1935 2952 0
706 2991 0
1665 1999 1
77 1184 1
1365 2928 0
507 2534 0
229 2448 0
1877 2979 0
1960 2157 0
1878 2997 1
1441 2002 0
302 1372 1
435 679 1
1366 1919 0
1716 1764 1
79 1934 0
489 1216 1
840 1098 0
1137 2712 0
648 1147 0
250 2442 1
1561 2941 1
77 796 0
1637 1725 0
461 1866 0
1510 2498 0
665 672 0
471 2015 1
2194 2524 1
2052 2665 0
103 2275 0
30 1000 1
1050 2328 0
1404 2525 0
1039 2925 1
1518 1597 0
208 235 0
12 766 1
391 2429 1
1633 2022 1
396 1311 0
449 1065 1
1543 1922 1
449 989 1
1247 1459 1
1931 2221 0
1388 1944 1
270 2019 1
2201 2293 0
1055 1335 1
1091 2192 0
1052 1795 0
2049 2608 0
1066 1624 0
1604 1848 0
374 1029 0
1269 1677 0
1105 2705 0
28 2177 0
522 2527 1
659 1995 0
202 2437 0
1023 2150 1
879 1918 1
1519 1829 0
2542 2941 1
1578 2186 0
979 1043 0
119 2206 1
1172 2755 1
1001 2012 0
826 2628 1
864 1785 0
207 2995 1
476 2263 1
634 1663 1
76 2122 0
296 2027 0
896 2557 1
325 1410 0
463 1361 0
1677 2600 0
894 1249 1
1413 1498 0
781 1502 0
616 2101 1
1649 2644 0
2490 2861 1
69 2942 1
854 2426 1
734 2789 1
1424 1961 0
340 1137 1
2537 2614 0
145 1846 1
156 616 1
365 786 0
126 2681 1
80 2538 1
2604 2709 0
1986 2197 0
338 1454 1
161 2740 1
149 2530 1
552 2184 1
491 1438 0
551 689 1
2035 2258 0
1210 2062 1
957 2551 1
1767 1768 0
686 2549 1
1672 2409 1
906 1627 1
1592 2619 1
1428 1553 1
238 2163 1
287 2575 0
1275 2358 1
1751 2328 0
329 1598 0
1142 2509 0
889 1301 1
31 2854 0
223 2920 0
338 2585 0
175 1335 0
119 2563 1
1810 2202 0
2356 2460 1
537 1672 0
174 2993 0
1411 2520 0
368 959 1
1403 2537 1
1536 2863 0
1496 2095 0
336 653 1
849 1706 1
981 2744 1
1194 2397 0
272 1069 1
50 1396 0
775 1864 0
1937 2298 0
904 916 0
2098 2571 1
1270 1906 0
458 2953 1
1196 1435 1
2459 2651 0
424 1153 1
774 1067 0
670 812 1
155 788 0
84 1626 0
1133 2380 0
1155 1520 0
445 1654 1
540 1578 1
1051 2482 1
160 2681 0
637 653 0
1017 2726 0
294 2699 1
1722 2640 0
1538 1694 0
547 1880 1
1475 2618 1
737 2501 0
1315 1623 1
736 1121 1
1096 1309 0
310 1633 1
848 2265 0
1409 2054 0
403 1511 0
907 2403 1
508 1187 0
1626 1880 0
1500 2415 0
145 994 0
406 558 0
696 1163 0
1325 2689 0
862 955 1
235 785 0
632 2162 1
1494 2422 0
161 880 0
1734 1985 1
598 856 1
352 713 1
2308 2660 1
2051 2139 0
1155 2115 0
288 1510 1
1422 2835 0
1325 2893 0
351 1604 1
1350 2975 1
188 2674 1
1296 2301 1
72 2932 1
459 834 0
378 2640 1
1403 2439 0
334 1258 1
133 2456 1
586 2785 1
2348 2811 1
225 1895 1
2416 2644 0
1299 2374 1
711 1440 0
1596 2395 0
1973 2609 1
530 1842 0
870 2988 1
673 960 1
1007 2896 1
84 2177 1
588 1178 1
332 1348 1
453 637 0
1197 1937 0
415 573 0
643 1514 0
2214 2574 0
775 2990 1
1938 2502 1
2520 2748 1
1200 1766 0
377 684 0
2161 2551 0
1076 2335 1
1165 2317 1
759 2505 0
2093 2161 1
434 2716 1
2392 2943 1
2156 2167 0
489 1032 0
311 2988 0
903 1246 0
2363 2666 0
220 2937 0
207 783 1
337 1380 1
477 1280 1
196 2052 1
1152 1947 1
1469 1599 1
1608 2570 1
1907 2586 0
134 2150 0
366 1145 0
829 2087 0
61 2064 0
585 762 0
40 1461 1
725 1912 0
685 2553 0
2473 2581 0
558 2856 0
1337 2068 0
978 1928 1
138 2471 0
1832 2766 1
164 2042 0
180 1418 1
1074 1276 0
47 1136 0
1902 2892 1
2022 2727 0
554 2646 0
17 426 1
1949 2060 1
613 2900 0
1581 2919 1
1556 2664 0
404 2278 1
1360 2804 1
1253 1872 1
614 1133 0
411 2347 0
2092 2513 1
646 750 0
307 891 0
789 2768 1
269 2083 1
2116 2775 1
772 2879 1
738 1548 1
1604 2294 1
2241 2367 0
1210 2759 1
1885 2379 1
217 2614 1
2205 2662 1
479 1179 0
73 2975 0
741 1773 0
2191 2821 1
1160 1793 0
167 1971 1
1380 1878 1
649 1570 0
767 968 0
1875 1972 1
101 2961 1
1084 1605 0
191 2278 1
1408 2296 0
1309 1932 0
1348 2669 0
598 2756 1
2154 2593 0
2115 2195 0
386 598 0
738 1509 1
826 1363 0
1963 2704 1
386 1262 1
323 1145 0
856 1252 0
1442 1519 0
599 2723 1
916 1358 0
1434 2103 1
1809 2566 1
665 1279 0
1692 1977 1
359 983 1
1491 2896 1
1048 1318 0
267 1480 0
679 1483 0
789 1918 0
1737 2506 1
540 672 0
2275 2799 0
1637 2283 0
232 2282 1
1150 2962 0
263 1863 0
759 2727 1
2213 2396 1
341 2548 0
532 659 1
1620 1888 1
328 511 0
226 1745 0
543 2816 0
1379 2257 1
1342 2164 1
1959 2880 0
1062 2377 0
909 2411 1
2681 2790 1
2320 2899 1
2380 2492 1
257 1661 1
639 1612 0
591 1082 0
75 2029 1
2157 2543 0
98 167 1
1336 2513 0
65 758 1
1637 2985 1
302 2441 1
270 944 1
989 1977 1
2856 2999 1
163 2149 0
1025 2373 1
1570 2030 1
1411 2034 0
334 2866 1
435 1338 1
95 507 1
443 2350 0
1434 2025 0
182 2693 0
1627 2454 0
156 1967 0
2357 2998 1
1314 1606 0
472 2909 1
1001 1770 0
2180 2270 0
671 1910 0
926 1046 0
1149 2249 0
765 1738 0
1357 1493 1
446 1760 1
692 893 1
884 1053 1
2443 2774 1
1374 1685 0
628 650 0
83 2644 0
2134 2544 1
1233 2835 1
1071 2472 1
2068 2713 0
342 936 0
1162 2961 0
130 1748 1
89 1407 1
2430 2478 0
1501 2453 1
932 1360 1
817 2235 1
2010 2589 0
265 1551 0
766 2493 1
533 684 0
169 969 1
655 700 0
30 2632 1
761 2481 1
690 2028 1
764 1798 1
674 1580 0
1124 2413 1
424 752 0
42 1155 0
1173 2141 0
2582 2636 0
1475 2081 0
168 1674 0
1324 1914 1
1197 2651 1
790 1531 0
896 2053 0
1834 2746 0
658 2142 1
627 919 0
1362 2239 1
1636 2534 1
1859 2448 0
1774 2516 0
29 377 1
1768 1905 0
1900 2669 1
867 2236 1
1211 2720 1
1410 2138 0
909 1812 0
1170 2665 1
1415 2904 1
1693 2983 0
548 2269 1
1265 1841 0
633 2571 0
148 2475 1
508 2587 0
1128 1723 1
950 1355 1
909 1076 0
1339 2730 1
2637 2858 0
359 746 0
1451 2975 1
895 2918 0
1322 1712 1
266 2582 0
944 2742 1
1464 2496 1
1196 2427 0
121 306 1
983 1520 1
428 2814 1
2612 2835 0
891 2157 1
49 2181 0
746 1313 1
1275 1529 0
1125 2988 0
93 1132 1
340 903 0
475 2951 1
379 1733 0
570 1527 0
1338 2071 0
1782 2484 1
307 2385 0
1243 1953 1
1122 1868 0
78 2834 1
1362 1995 1
2232 2931 1
1138 2856 0
577 1195 1
974 2035 1
1431 1547 0
1075 1796 1
322 638 1
1523 2357 0
205 1296 0
478 1370 0
71 1495 1
1899 2431 1
1097 2830 0
625 2362 1
1023 1814 1
488 1121 0
1051 1916 1
1360 2223 0
1669 2032 0
916 2407 0
412 2931 1
784 1940 0
1063 2788 1
824 2336 0
255 987 0
2487 2620 1
753 2305 1
212 2908 0
1294 2622 0
1340 2632 1
211 1218 1
315 2157 1
2291 2434 0
429 2710 1
2121 2583 1
392 2402 0
250 287 0
2451 2646 0
235 1270 0
983 1318 1
1020 2587 1
1828 2885 1
2697 2704 0
965 1864 1
1331 2123 1
1703 2699 1
101 2694 1
741 1758 1
810 2534 0
1095 2264 1
1587 2312 1
40 299 1
1137 1504 1
331 2336 1
1306 2895 0
673 726 1
2219 2770 1
223 2382 1
1272 2313 1
1363 2091 0
411 2370 1
595 647 1
833 1914 1
337 1235 1
874 1268 0
1150 2130 1
1006 1320 0
497 1318 1
912 1585 0
1260 1330 1
32 345 1
1389 2347 1
323 2565 1
1705 2763 0
1504 1746 1
1977 2705 0
921 1148 0
1585 2660 0
455 1803 1
1105 2492 1
362 564 1
669 2113 0
835 2319 1
2557 2853 0
1681 1795 1
56 911 0
1622 1736 0
96 515 0
179 2716 1
468 2339 1
1352 1612 0
606 1839 0
1058 1810 0
1148 2718 1
2088 2447 1
103 261 1
1930 2769 0
2311 2562 0
269 1326 0
113 2889 0
134 187 0
2077 2997 0
2442 2773 1
116 2178 0
1145 2210 0
1719 1990 1
1578 2307 0
1529 1896 0
1290 2665 0
2112 2751 1
1525 1940 1
22 2527 0
412 1353 0
2101 2827 1
1199 1468 1
1387 2509 0
1227 2216 1
350 1331 0
309 1229 1
363 898 0
991 1575 1
1087 2792 1
925 2572 0
1042 2796 1
1315 1351 0
635 2092 1
332 1850 0
961 2638 0
418 761 0
58 2944 1
1496 2517 1
27 55 1
1329 1993 1
2258 2533 0
1874 2963 1
242 1757 1
2101 2584 0
827 2075 0
1414 2978 1
758 1447 0
1907 2850 1
1931 1993 1
1086 1441 1
1338 2635 1
37 1309 0
127 2514 0
297 2987 0
1583 2126 1
1079 1540 1
1138 2938 1
1631 1956 1
212 2522 1
1522 2668 1
35 650 1
1673 2153 0
473 933 0
573 1919 1
173 2558 1
2280 2741 1
1182 1987 1
13 1827 1
615 994 1
1500 2392 1
558 2336 0
413 659 0
972 2110 1
657 1575 0
1494 1701 1
168 969 0
2046 2891 1
92 1148 0
2215 2355 0
796 2391 0
1590 2643 0
255 1891 1
1117 2600 0
631 802 0
219 2694 1
407 1495 1
2671 2882 1
1038 1320 1
1140 2410 0
443 2032 0
1811 2406 1
868 1748 2
897 1613 0
777 1215 0
528 649 1
2182 2788 0
1033 2304 1
462 1871 0
160 667 0
2554 2712 1
613 777 0
83 1315 1
1201 2088 0
213 531 1
405 2341 1
1688 1770 1
976 2827 0
671 2326 1
122 1719 0
1015 1369 0
1240 2329 0
344 909 1
1326 2353 0
294 2875 0
492 1079 0
1216 2330 0
2678 2951 0
622 1102 0
628 1276 1
1540 1636 1
856 924 0
482 2044 0
936 1046 1
1063 1515 0
110 640 0
764 1541 1
2071 2759 0
832 1767 1
616 2601 1
85 2408 0
2109 2218 1
726 1159 1
491 596 1
88 1309 1
1868 2649 0
981 1178 0
33 1314 0
25 1511 0
626 2871 0
165 2797 1
1273 2297 0
971 1852 0
610 2347 1
1783 2437 0
2541 2712 0
1702 2475 1
1374 1495 0
406 2287 1
661 1799 0
318 655 0
1171 1914 0
261 2527 1
368 786 1
1087 2256 0
246 2295 0
550 1697 0
160 1992 1
804 1551 0
939 1436 0
1634 2766 1
2195 2539 0
1675 2376 0
292 2387 0
2459 2609 0
612 888 1
47 2293 1
1552 2606 0
2497 2589 0
763 1821 1
2055 2629 0
1298 2928 0
127 1675 1
339 459 0
2305 2571 0
859 1039 0
2020 2400 0
1103 2837 0
86 654 1
246 1911 0
1099 2468 0
1094 1771 1
1868 2384 0
260 821 0
1856 2085 1
852 1722 1
1769 2682 1
56 425 0
1706 2323 1
890 1728 1
73 1778 0
2594 2761 1
1299 2137 1
2096 2657 0
540 1581 0
492 1636 0
304 2903 0
1259 2358 0
1156 1502 1
400 749 1
1428 1739 1
134 709 1
2068 2958 1
1388 2168 0
1284 2942 0
631 1210 0
1605 2222 1
281 331 1
988 1010 1
845 2685 1
60 277 0
2528 2741 0
1478 2758 1
169 654 0
224 1333 1
711 2045 1
2320 2350 0
1256 1813 0
688 816 0
1317 2106 0
684 2695 1
403 735 0
2374 2772 0
1482 2342 1
667 1208 0
153 1537 1
233 512 0
1256 2535 0
420 1968 0
1270 2619 1
224 2046 0
2704 2898 1
397 769 0
1285 2113 1
2022 2523 0
897 1036 1
1179 2936 1
1486 2389 0
1971 2731 1
2133 2832 1
2318 2500 0
408 2464 1
370 1223 1
153 2700 0
210 1426 0
1072 1213 1
390 776 1
375 2406 1
1067 1365 1
2242 2607 0
1898 2108 0
351 2319 0
