6000 8000
998 3624 2
657 3326 2
3962 4845 2
2283 2905 2
2125 3042 2
1392 2424 2
4513 4721 2
751 2292 2
4590 5963 2
2531 3837 2
4592 5702 2
897 3445 2
1008 1786 2
112 4782 2
5028 5306 2
3515 5617 2
1880 3260 2
798 3424 2
1748 5237 2
1143 4886 2
4829 5292 0
3034 5031 2
1856 5391 2
566 4017 2
3859 5330 2
2715 4204 2
2357 5047 2
1549 3742 2
1826 3869 2
163 5406 2
527 3981 2
760 3551 2
738 5165 2
38 2508 2
4224 4845 2
1362 5864 2
4679 5856 2
619 2812 2
3254 4193 2
810 3509 2
1080 1819 2
3032 5727 2
426 3137 2
2566 4173 2
1415 4113 2
2773 3401 2
2448 4957 2
1764 4630 2
1975 2444 2
627 5058 2
1191 3329 2
3190 5482 2
369 4864 2
396 4780 1
1377 1895 2
1578 3069 2
360 3598 2
1593 4264 0
1152 2813 2
44 774 2
3677 5578 2
2044 3588 2
1596 2496 2
2610 4590 1
210 2944 2
3949 4976 2
754 2221 2
3341 5314 2
104 5215 2
3425 4014 2
1134 2228 2
2614 4398 2
627 5308 2
2819 4232 2
2645 3263 2
3082 5889 2
1606 4643 2
2705 5824 2
1169 1698 2
1181 3424 2
4768 5658 2
1833 3793 2
1862 3812 2
298 4360 2
910 3940 2
2181 4748 2
1382 2149 2
1901 3759 2
382 4119 2
4225 4755 2
939 3265 2
1921 4360 2
1452 2239 2
1470 5347 2
2051 3946 2
64 2082 2
950 4414 2
4567 5746 2
1200 2381 2
5073 5658 2
1902 2677 2
2528 5509 2
4146 5228 2
2335 2828 2
2737 4190 1
1614 2505 2
12 933 2
82 1872 2
4460 5384 2
1523 1847 2
338 4639 2
2229 3344 0
2147 5035 2
2660 4697 2
1280 3116 2
1512 1646 2
2401 4357 2
673 3069 2
3938 4857 2
579 5681 2
2536 2703 2
516 3321 1
57 1597 2
3598 5118 2
46 4805 2
263 3215 2
2061 5659 2
4626 4706 2
3348 4860 2
1478 5132 2
440 603 2
2146 3539 2
5018 5543 2
2771 3294 2
3056 4871 2
600 1151 2
1130 5855 2
5398 5865 2
1957 2551 0
1751 2629 2
4782 5012 2
4310 5267 2
801 4628 2
3545 5433 2
3836 4734 2
361 4737 2
1038 2817 2
1081 2209 2
4526 5826 2
3327 3608 2
283 5749 1
3332 4365 2
927 4256 2
229 3374 2
2485 5120 2
3477 4377 2
31 840 2
1517 4279 2
4015 5691 2
606 1006 2
2052 2910 2
3455 5501 2
31 1111 1
1643 4241 2
1736 3832 2
2784 5440 2
1870 5134 2
3345 4145 2
3597 4574 2
166 1156 2
3082 3186 2
587 1451 2
4710 4800 0
1470 2608 2
1197 5123 2
830 2198 2
508 4622 1
4487 5921 2
941 4700 2
3894 4459 1
1691 2454 2
4313 4800 2
4817 5244 2
4345 5294 2
4801 5219 0
4073 5227 2
1074 4146 2
3262 3436 2
2462 5937 2
547 1925 2
863 978 2
1984 5149 2
98 476 1
2474 3689 2
2299 2440 2
494 5201 2
2466 3282 1
27 1314 2
682 1885 2
1611 4071 2
3536 4970 2
3390 3548 2
2566 2696 2
2927 5442 2
990 2725 2
3126 4243 0
1586 2040 2
2352 5267 2
1986 5916 2
3330 5710 1
3326 4142 1
991 4918 2
644 2639 2
90 3868 2
675 3643 2
3440 4632 2
320 5017 2
687 1917 2
1534 3542 2
1653 3478 2
1040 2621 0
2204 5569 2
4069 4218 2
1907 2597 0
3581 5553 2
1788 2532 2
2312 3376 2
3458 4952 2
1668 5540 2
1762 5707 2
5511 5925 2
650 2573 2
938 4041 2
656 1081 2
3177 4083 2
1067 4406 2
2839 4650 2
3352 3713 2
4894 5732 2
1302 2394 2
4807 5953 2
4285 4350 2
2172 4710 2
1237 5975 2
53 4670 2
1946 3546 0
801 3933 2
4819 5930 0
993 5187 2
3544 5522 2
218 2434 2
515 5451 2
1291 4159 2
1265 5034 2
265 4332 2
1776 5058 2
632 1960 2
3945 4549 2
1284 3121 2
4004 4877 2
652 3364 2
962 1390 2
1930 3795 2
2124 5709 2
1629 4878 2
907 5150 2
1455 1847 2
1235 5969 2
1268 1728 2
934 2920 2
85 501 2
2783 3914 2
2529 3222 2
614 3208 2
73 766 2
1526 4440 2
1361 2612 2
1467 5048 2
585 4920 2
4826 5811 2
962 4008 2
827 4040 2
1034 3011 2
369 2168 2
231 3648 2
1959 5640 2
195 1284 2
233 2995 2
547 4663 2
1349 5276 2
1306 4324 2
117 3219 2
11 2575 2
1649 2179 2
640 5531 2
4031 5433 2
796 1543 2
132 2504 2
846 1174 2
2862 3703 2
2881 4087 2
2458 5149 2
5215 5938 2
561 5008 2
4295 5120 2
944 1043 2
1090 1094 2
821 4883 2
1570 2949 2
1238 1822 2
2876 5467 2
3870 5560 2
136 1288 2
811 3692 2
3474 5286 2
3787 5996 2
4214 5281 2
3254 5728 2
1953 5611 2
1568 4471 0
399 3228 2
1400 5151 2
455 4372 1
2907 4685 2
319 1880 2
4555 5714 0
3164 5798 2
4458 5446 2
2651 2681 2
3834 3885 2
3905 5858 2
1699 2637 2
2695 4532 2
2345 3743 2
186 1915 2
350 3675 2
3967 5444 2
968 2392 2
4070 5395 2
4500 4680 0
1605 3413 2
1907 2773 2
2670 3761 2
633 4107 2
3049 5352 2
123 1468 2
598 3614 2
53 1813 2
3217 3773 2
1417 3803 1
2041 2711 2
1929 5887 0
409 4953 2
3594 5713 2
4268 4494 1
1457 3912 2
192 546 2
1925 2703 2
4399 4749 2
3266 5864 2
4874 5999 2
812 5655 2
131 2466 2
2660 4697 0
4507 4936 2
1452 3040 2
3293 3506 2
44 2220 2
3662 3965 2
3515 4272 2
170 1431 2
1935 2561 1
705 4481 2
2569 4485 2
5462 5583 2
1826 5604 1
2457 4591 2
1553 3271 1
1513 3151 2
4147 5707 2
789 1429 1
1878 2626 2
968 5573 2
3635 5478 2
2369 5519 2
3804 5708 2
1566 3736 2
234 5326 2
3651 4409 2
836 4498 2
4422 5093 2
97 2910 2
3695 4569 2
3286 4827 2
2129 2675 2
1654 4502 2
1059 4673 2
1688 2253 2
1560 5611 2
1341 3087 1
1777 4393 2
2717 5392 2
3228 3767 2
361 1028 2
3755 5537 2
3818 4465 2
3889 5913 2
2551 2795 2
3223 4480 2
2670 3761 0
3644 4395 2
430 1257 2
4801 5219 2
514 3520 2
4268 5023 2
543 5801 2
648 5009 2
4020 5383 2
2889 3264 2
1287 5515 2
2265 3833 2
2840 5442 2
2427 3094 2
5443 5665 2
5764 5930 2
433 5940 2
345 5324 2
2999 5967 2
903 5318 2
3442 5841 2
1742 3725 2
5082 5307 2
2653 5905 1
34 528 2
3550 5616 2
3241 4075 1
1252 5035 2
1336 4550 2
1027 5052 2
1848 5335 2
2932 4751 2
2700 3043 2
1828 4933 2
5205 5632 2
4469 5106 0
4329 5811 2
2409 3645 2
1891 3854 2
2319 4961 2
1012 1014 2
369 2168 0
1780 4681 2
1634 5984 2
3827 4476 2
4406 4614 2
2129 4245 1
1158 4302 2
3297 4770 2
5593 5678 0
768 1058 2
3996 5924 2
3059 5897 2
1169 2027 2
152 3641 2
5205 5867 2
4965 5478 2
1107 2186 2
1950 4414 2
780 5485 2
3251 4879 2
719 2934 2
3868 5960 2
4095 5490 2
1682 3884 0
39 484 2
1583 3064 2
163 4195 2
2884 3184 2
493 4833 2
180 3783 2
2218 5609 2
2095 4373 2
829 5732 2
3417 4805 0
1091 2503 2
3058 4039 2
1492 2259 2
746 2086 2
2497 5690 0
1006 3947 2
2932 4541 2
2152 5026 2
44 2220 1
3382 5792 2
2372 5703 2
4816 5992 2
4003 4621 2
1335 4542 2
1053 4944 2
1368 4398 2
1200 1802 2
1410 5547 2
2733 3064 2
4250 5476 2
131 5306 0
2265 5443 2
2683 5152 2
608 3747 2
565 4695 2
1462 5063 2
4069 5114 2
748 3147 2
672 4575 2
1313 2061 2
1371 2163 1
4446 4959 2
2247 4480 2
2272 4990 2
1541 3619 2
4825 5296 2
871 5957 2
980 5286 2
2046 3627 2
1636 5752 2
1961 4263 2
1070 2787 2
2992 3164 2
832 5625 2
2602 3902 2
2508 3857 2
1800 4184 2
1695 3647 2
2442 3768 2
2710 4879 2
1499 1639 2
4310 5036 2
1864 2450 2
4856 5287 2
866 2917 2
329 3862 2
383 3730 2
2692 5611 2
443 5682 2
3272 3991 2
1475 2541 2
3931 5720 2
2479 4896 2
3033 5120 2
5387 5782 1
366 4590 1
712 3721 0
2032 3525 2
804 1690 2
4733 5241 2
4503 5269 2
2997 5028 1
4445 5733 2
1975 3557 2
263 840 2
3740 5067 0
1473 2672 2
1170 5333 2
51 2203 2
2373 2975 2
3181 5920 2
156 1667 2
671 5022 2
4934 5975 2
627 5113 2
582 1466 0
2569 5236 1
3232 3335 2
2775 2898 2
3840 5126 2
4087 5499 2
1974 3490 2
2225 2582 2
2067 3789 2
662 3078 2
2027 3436 2
401 4238 2
2200 3346 2
2740 5630 2
2659 2891 2
4697 5495 2
2490 4464 2
1625 3337 2
3516 4571 2
2140 4501 1
1886 4397 2
598 2507 0
2 3616 2
4659 5159 1
3981 4647 2
3601 4232 2
2278 4573 2
4335 5119 2
1149 5634 2
4287 5905 2
440 5102 2
516 4502 2
1825 4510 2
2238 4866 2
303 811 2
4055 5819 2
1956 4950 2
3246 5445 2
2584 3754 2
2875 4638 2
3347 5871 2
3137 3695 2
1706 3474 1
3603 5133 2
58 1786 2
239 2935 1
2458 2988 2
1332 4112 2
1214 5232 2
1982 4704 2
794 3082 1
4581 5425 2
2653 5905 2
3938 5795 0
3100 5206 2
3365 4964 2
31 5427 2
1640 3729 2
2335 5754 2
531 2793 2
1037 3342 2
199 2426 2
323 5816 2
1223 4529 2
213 2287 2
928 1089 2
4787 5349 2
2101 3222 2
1395 5762 2
864 3203 2
983 4767 2
322 3318 2
1679 5887 2
4758 4907 2
91 4628 2
1970 3627 2
175 4032 0
2213 4314 2
105 2870 2
539 3362 2
1407 4012 2
63 2843 2
2718 4256 2
216 1915 2
1481 2596 2
2659 5406 0
2134 4681 2
2557 3344 2
81 2534 2
4047 4622 0
1066 1731 2
370 2045 2
3169 4389 2
3432 5345 2
2776 3485 2
4197 4486 2
292 396 2
4487 5723 2
708 2343 2
145 5603 2
3214 4333 2
2655 5972 2
1112 2088 2
690 3584 2
1595 5860 2
2458 2603 2
5356 5992 2
517 2015 2
13 1370 2
4799 5349 2
3224 5598 2
3558 5859 2
2885 4156 2
2296 4458 2
1432 1700 2
2990 3647 0
1905 2998 2
1171 5446 2
773 4687 2
694 3289 2
704 3838 1
1901 3245 2
579 2439 2
1754 3886 2
2617 3609 2
4841 5270 2
3 2919 2
526 880 2
1315 2952 2
10 4234 2
1089 1247 2
944 2858 2
3843 4011 2
2339 2906 2
1114 3012 2
3433 3981 2
1462 5610 2
2230 4890 2
1135 4944 0
4808 5531 2
406 5160 2
4956 5139 2
1920 2504 2
1283 5500 0
447 2904 2
2979 3924 2
748 5100 2
1072 3641 0
1176 4556 2
3914 5321 2
4829 5965 2
950 1040 2
3908 5781 2
4789 5631 2
2938 4172 2
1089 3637 2
547 4663 1
4092 4940 2
1156 2041 2
2956 5048 1
293 955 2
3891 5762 2
881 4066 2
3478 5174 2
3670 3962 2
1514 2205 2
1325 1998 2
2139 4477 2
2660 4975 2
360 5873 2
382 1978 2
2858 2967 2
544 4679 2
149 5557 2
2832 2897 1
4442 5435 2
1788 4006 0
2223 4938 2
4475 4895 2
553 2873 2
1826 5160 2
266 5544 2
4421 5880 0
2019 2124 2
2017 5094 2
5600 5664 2
438 2138 2
2946 5324 2
942 4264 2
5657 5708 2
1220 3161 2
60 4398 2
1563 5990 2
1929 5260 2
1657 3052 2
3900 5673 2
4492 5481 2
2617 5699 2
5188 5887 2
232 1236 2
2144 4177 1
3082 3186 1
931 5192 2
554 2106 2
1589 3047 2
1305 1510 2
2803 4826 2
1190 5542 2
3123 3940 2
360 3264 2
2464 3246 2
1553 1603 2
3166 4194 2
2503 4737 2
1877 3919 2
242 4766 2
2805 3596 2
1592 4904 1
516 2474 2
3032 5208 2
1828 4500 2
5372 5464 2
335 794 2
3038 4472 2
857 1762 2
64 3565 2
3635 4060 2
1811 3001 2
3280 3976 2
1791 3492 2
4889 5394 0
1717 3987 2
1525 1530 2
4886 5708 2
5538 5757 2
2218 4434 2
2140 3931 2
3021 3496 2
2096 4400 2
3348 4888 2
529 5850 2
1746 3045 2
3743 4005 2
2543 4928 2
1937 2533 2
415 1385 2
1656 2620 2
3355 4140 2
2368 4770 2
3950 4931 2
852 2919 2
660 1345 2
3657 3968 2
2088 2092 2
914 4369 2
1534 4654 2
2387 5652 2
443 3606 2
544 800 2
795 4274 2
4111 5122 2
465 3816 2
361 1956 2
5332 5785 2
3710 5341 2
2569 5236 2
2345 3011 2
21 2566 2
675 5363 0
1729 5179 2
643 2554 0
565 5701 2
1907 2597 2
259 1524 2
1152 5090 2
2520 2638 2
1101 2370 2
2697 5323 0
2567 3268 2
119 951 0
202 561 2
1308 2371 2
541 5247 2
1775 4991 2
3711 4197 2
326 2924 2
5006 5089 2
1771 2270 2
52 1767 2
1117 5314 2
4954 5246 2
790 4077 2
3179 5877 1
2328 5906 2
3365 4485 2
4441 4491 2
3653 3809 2
241 4889 1
481 3333 2
274 3271 2
763 1861 2
850 4914 2
198 4994 2
1314 4959 2
2265 3007 0
2521 4836 2
768 3564 1
631 1320 2
31 4215 2
2328 4873 2
207 4890 2
1618 4531 0
554 5302 2
1577 1780 2
2257 2426 2
1006 1196 2
1219 4300 2
4586 5535 1
1310 4262 2
1261 1426 2
3417 4805 2
3381 4557 0
1973 4753 2
292 3341 2
2250 5006 2
1690 4102 2
4353 4385 2
1593 5965 2
1013 2914 0
1073 1478 2
1556 3357 2
1471 2327 2
3461 4792 2
494 4170 2
3390 4958 2
1895 2625 2
507 1554 1
1615 3185 2
2400 5743 2
389 2291 2
2650 3793 2
3120 3904 2
2076 3191 2
2235 5432 2
3694 4915 2
1936 4782 2
1923 4045 2
705 3781 2
874 1413 2
3234 5987 2
2558 5338 2
234 2534 2
2172 4710 1
3217 3773 0
3102 3365 2
1680 5750 2
674 2603 2
1510 5534 2
1200 2945 2
1981 3877 2
1516 3558 2
1172 4815 2
466 5289 1
3111 5357 2
4228 5782 2
5160 5987 2
925 4586 2
1914 2956 2
2587 3564 2
4934 5975 0
2163 4764 2
586 1310 1
952 1726 2
573 2825 2
1781 2001 2
3666 4332 2
1154 4422 2
129 1074 2
105 2539 2
4837 5814 2
2365 3872 1
933 1161 2
119 4756 2
2956 5048 2
785 2590 2
462 2545 2
1371 2163 2
2749 4617 2
3154 4651 2
2604 4115 2
1484 3910 1
4302 5240 2
4584 5761 2
5596 5927 2
542 2502 2
1491 2715 2
2362 5879 2
2265 3007 2
1481 4020 2
3638 4522 2
221 2558 2
131 229 2
449 2725 1
582 3679 2
1541 2318 2
619 1555 2
2970 5660 2
136 4246 2
4402 4694 2
2089 4344 2
1005 4729 2
1117 4174 2
861 4758 2
2563 3348 2
3552 3554 2
5075 5630 2
993 2754 2
432 5669 2
329 5320 2
2687 4929 2
13 5319 2
3750 4599 2
230 680 2
2154 4656 2
3019 3338 2
551 5017 1
3758 4979 2
1027 1202 2
2571 5282 2
1570 5388 2
2109 3176 2
453 3714 2
4128 4236 2
4240 5369 2
5081 5430 1
636 4680 2
2617 5699 0
693 2629 2
4250 4414 2
2926 3064 2
2378 3015 2
1541 1790 2
2846 5012 2
1359 1805 2
1148 4366 1
231 5712 2
2163 3543 2
311 1897 2
1599 2316 2
4341 4425 2
552 662 2
1724 2020 2
1965 4849 2
2946 3746 2
511 1216 1
3296 4163 2
1029 2275 2
2059 4625 2
587 2020 2
604 3561 2
236 1931 2
4986 5698 2
249 4487 2
191 4923 2
2669 2851 2
3401 4539 2
2745 4227 2
300 3627 0
242 4625 0
1795 2594 0
2360 5570 2
1210 1675 2
1883 5217 2
64 2374 2
1343 3633 2
1990 5301 2
2458 2603 0
3562 4032 1
2030 5065 2
2118 2431 2
3143 4793 2
4499 5146 2
145 4372 2
3664 3864 2
2503 4708 2
3173 3915 2
3163 3250 2
3911 5001 2
1792 5342 0
3027 4883 2
276 776 2
2478 3124 2
2219 5945 0
4550 4701 2
2870 4230 2
2013 4916 0
3330 5710 2
2127 3383 2
2481 4440 2
4430 5911 2
56 97 0
2644 4922 2
353 1239 2
2905 3418 2
54 1473 2
21 3583 2
1773 5644 1
2085 2930 2
590 4643 2
1241 4195 2
2355 4652 2
2872 4343 0
542 3325 2
3392 5429 0
2478 2637 2
2858 5450 2
722 4117 2
645 5514 2
1741 5454 2
1502 3709 2
901 3133 2
1434 3247 0
347 4897 2
411 3711 2
4313 5038 2
2987 4218 2
218 3968 1
1775 2287 2
527 5275 2
162 5084 2
1827 4307 2
731 5044 2
1373 3523 2
3357 4736 2
2839 3377 2
11 219 2
1249 1592 1
95 2807 2
2485 5120 1
2098 2477 2
1048 1954 2
4384 5439 2
944 2013 2
109 4582 2
2624 3888 2
4460 5384 1
3387 4117 2
2750 5814 2
2837 3929 2
2684 5456 2
1149 5853 2
3194 3453 2
3076 4191 1
4953 5297 2
956 2653 2
1259 5881 2
307 3584 2
442 3535 2
1552 2951 2
3438 3906 2
707 4929 2
1209 3294 2
165 3287 1
1185 1703 2
219 898 1
2071 3761 0
377 5767 2
4096 5451 2
4008 5218 2
1341 3185 2
3725 5094 2
1856 3477 2
602 1283 2
4483 5555 2
1438 1576 2
1804 2556 2
569 1510 1
2797 4406 2
2132 4354 2
1669 4037 2
1470 3008 2
57 1903 2
1944 5390 2
2688 5142 2
475 4497 2
888 3297 2
5706 5831 2
3212 3949 2
3573 3903 2
2744 4918 2
2708 3514 2
959 983 2
1068 5015 1
802 2405 0
1143 2717 2
3462 4246 1
2716 3783 2
4296 5486 2
3878 4648 2
3244 3379 2
883 5682 2
1223 4481 2
737 2019 0
2263 3235 2
4000 4008 1
929 5513 2
853 2281 2
464 4649 2
970 2511 2
3250 4951 2
549 1563 2
3798 4226 2
661 5250 2
2710 3955 2
589 3236 2
5148 5989 2
4092 5494 2
893 2213 2
474 5879 2
591 5495 1
1496 5213 2
1508 5653 2
1283 1345 2
1094 2832 2
2880 5541 2
3245 3552 2
1229 1642 2
2356 2642 2
1292 4042 2
4968 5053 2
2375 2987 2
3533 5465 2
5641 5890 2
1413 1863 2
3560 3864 2
2031 4549 2
957 4937 2
705 748 2
600 1151 1
1814 4469 1
3473 4170 2
2354 3545 2
2114 3206 2
237 5929 2
795 4274 0
3775 5629 2
4500 4680 2
2302 2729 2
822 1013 2
3894 5962 2
3645 3865 2
4947 5962 2
127 4661 2
1222 5121 2
291 482 2
1786 4329 1
1379 5020 2
2902 4047 2
1246 4491 0
1284 3581 0
3715 4552 2
2484 5235 2
1541 5052 2
2795 3209 2
1011 1816 2
2701 3403 2
860 3919 2
2021 4108 2
2993 3531 2
467 3636 2
4108 4115 2
54 1357 2
1027 1668 2
335 594 2
506 3689 2
711 4761 2
3075 3082 2
880 2395 2
2596 4395 2
5240 5688 2
3861 4806 2
3475 3692 2
3980 5491 2
1050 2897 2
3662 5806 2
5690 5779 2
2174 3099 2
492 1447 2
3822 4548 1
1382 4520 2
96 3766 2
1809 2969 2
370 5457 2
1277 3464 2
4123 4429 2
1461 4183 2
847 3663 2
4364 4745 2
788 1303 2
4140 5026 2
308 3438 0
1716 4506 1
573 4912 2
275 4338 2
760 5827 2
1103 4644 2
2507 5000 2
4710 5420 2
792 4853 2
474 1501 2
128 3363 2
1321 5056 2
3380 3886 2
660 1345 1
615 1149 1
4336 4419 2
1036 3686 2
3589 4329 2
2662 5765 2
1579 4926 2
136 1637 2
4134 4188 2
718 2180 2
3325 4594 2
2579 5661 2
2931 3144 2
514 4085 1
1894 3315 1
4261 4766 2
2783 3655 2
646 1434 2
3012 3187 2
205 5489 2
468 651 2
538 4612 2
4600 5444 2
3916 5502 2
827 1503 2
368 2668 2
3520 4789 1
3972 5950 2
997 5335 2
1061 4378 2
2201 5120 2
1551 3710 2
944 1671 2
11 4455 2
1221 1493 2
1466 5669 2
1349 2174 2
831 1354 2
339 2024 2
2127 2448 2
604 5038 1
621 5256 2
3394 3751 2
3157 3158 2
4946 5339 2
107 3126 2
441 2236 2
2888 5873 2
2176 5848 2
1968 3680 2
818 4778 0
2113 4314 2
2300 4777 2
5278 5723 2
912 2628 0
2182 4115 1
333 568 2
2931 4003 2
446 607 2
2670 2939 2
1088 5458 2
2341 5320 2
169 1620 2
360 1853 2
1397 4876 2
3021 3571 2
426 3133 2
2318 3472 2
1286 4654 2
2903 4160 0
1648 5912 0
3935 4609 2
190 2316 2
3022 3386 2
425 3257 2
1272 2892 1
655 2294 2
1948 2199 2
3022 4635 1
994 5175 2
1648 5912 2
900 4856 1
1132 3983 2
590 1306 2
3251 5908 2
2687 5353 2
909 2880 2
979 1751 2
4185 5869 2
330 850 2
4731 5649 2
1278 5115 2
2633 4023 2
1369 2530 2
2050 3503 2
790 4719 0
4821 5274 2
3010 3495 1
2864 4100 2
457 3574 2
1845 5739 2
270 296 2
4683 5424 2
1875 2167 2
2963 3354 2
3136 5695 2
1 4333 2
1795 2594 2
610 3989 2
3626 5204 2
2311 4754 2
345 5004 2
1508 3049 2
809 4571 2
1309 1599 2
3467 3765 2
2551 2795 0
3093 3919 2
913 4796 2
537 5026 2
1894 2300 2
2191 5681 0
119 1537 2
2355 3235 2
768 2614 2
422 3952 2
2866 3654 2
2415 4387 2
1271 5173 2
1706 4385 2
2304 4660 2
432 5084 2
4426 4818 2
2623 4790 2
1949 4222 2
411 1368 2
2829 3820 2
1365 1687 2
147 4250 2
2701 5240 2
2708 4631 0
2186 2698 2
3325 4594 0
1929 5887 2
2605 5902 0
4261 4463 2
1443 5868 2
692 3743 2
894 2618 2
2374 3000 2
490 4861 2
68 5937 2
1777 2011 1
407 843 2
3673 3802 2
1889 3411 2
3672 4410 2
2955 3505 2
4034 5674 2
3207 5721 1
1402 2662 2
3303 4228 2
1334 5881 2
141 1934 2
2745 5564 2
4150 5156 0
3686 3987 2
2382 3622 2
366 1635 2
3103 3164 2
916 1675 2
2346 4988 2
3282 5529 2
758 918 2
2956 3685 2
807 2068 2
2790 5526 2
557 3069 2
477 985 2
2017 5517 2
2691 5504 2
2737 4190 2
149 5499 2
1418 3487 2
1510 4464 2
1427 4348 2
119 4567 2
4106 5039 2
696 5163 2
2216 4751 2
1135 3145 2
2138 5699 2
1611 3692 2
2152 4856 0
1377 3090 2
1566 5140 2
3485 5094 2
216 1915 1
2648 5190 2
3393 4637 2
5115 5138 2
349 3854 2
4029 4994 2
3856 3933 2
2180 5576 2
98 489 2
3984 5483 2
796 5676 2
1563 2121 2
1165 2977 1
1946 5298 2
65 1035 2
3701 4830 2
522 1692 2
1648 3573 2
643 2217 2
2140 4501 2
1751 4932 2
241 2065 2
1548 2718 2
866 4420 2
1272 2892 2
3258 4819 2
1029 2049 2
5184 5268 2
1594 5351 2
3999 4349 2
1430 5918 1
1749 5210 2
738 2179 2
701 4566 2
363 1160 2
4183 5057 2
1950 5015 1
2722 5680 2
3050 4523 2
2299 5472 2
3441 5729 2
2579 3351 2
1086 5020 2
210 2480 2
4232 5771 2
4056 4789 2
567 3134 2
48 4101 2
739 1926 2
3524 5078 2
2 310 2
3395 5572 2
1935 2561 2
3115 3841 2
3849 4462 2
1835 2249 2
540 3624 2
593 4118 2
2597 4329 2
1465 4997 2
1384 2047 2
150 3373 2
590 5875 2
1077 3511 2
757 3445 2
1246 4491 2
3024 3772 2
3565 5157 0
5113 5581 2
384 4731 1
579 1141 2
3124 3851 2
84 3097 2
797 4251 2
1564 3559 2
1909 2725 2
1378 5099 2
2897 4552 2
265 1789 2
1789 5134 2
3131 3599 2
3850 4743 2
1744 3184 2
2246 4913 0
1592 4904 2
692 5772 2
176 3906 2
2221 5283 2
3482 3634 2
591 784 2
1458 2302 2
25 140 2
677 1811 2
1132 3983 1
3114 3799 2
3036 3946 2
5095 5930 2
2515 5423 2
2006 4818 2
1754 3886 0
134 352 2
3812 4410 1
3882 5660 2
2035 5639 0
3207 5721 2
863 1948 2
4224 5638 2
228 1062 2
2531 5822 2
3684 5907 2
2806 4272 2
205 3643 2
1028 3717 2
218 3968 2
1985 2618 2
313 3044 2
2882 5452 2
3641 4899 2
2525 5585 2
307 5017 2
2658 2758 2
2761 4801 2
3810 4052 2
134 4623 1
1205 2854 2
2156 5852 2
479 1549 2
1137 4940 2
1536 3504 2
3420 4671 2
2196 5272 2
1372 1747 2
3636 5729 2
1403 3054 2
1393 3395 1
2753 4376 1
4541 4811 2
529 3714 1
1739 5140 1
3160 4650 2
2941 4123 2
659 2748 2
2172 2554 2
2431 5016 2
2232 5271 2
4533 5502 2
1347 5337 2
2154 2383 2
1233 3700 2
1683 2988 2
3437 4955 2
3295 3813 2
275 5343 2
5295 5369 2
934 2421 2
2982 3642 2
1126 2023 2
1761 5933 2
3099 5206 2
3062 5151 2
2355 5537 2
224 3689 2
3688 5733 2
1492 5603 2
1120 5280 2
4737 5031 2
966 4355 2
1645 3519 2
2129 2857 2
3030 4427 2
2034 3265 2
1743 3121 2
1155 1701 1
408 3500 2
4573 4610 2
602 2996 2
1404 2129 2
539 3169 0
418 5962 2
1526 5325 2
1344 3228 2
4085 4641 2
387 4545 2
2085 3098 2
1259 3361 2
98 476 2
500 5547 2
5343 5440 2
3948 5746 2
3213 3506 2
2022 4725 2
3248 5755 2
1299 1662 2
2253 3571 2
3312 4741 2
3417 4450 0
544 3161 2
2792 4189 2
4140 5982 2
182 420 2
3038 3188 2
114 3700 2
1578 2384 2
239 3101 2
1484 3910 2
3088 4688 2
1497 3686 2
109 5304 2
2581 3599 2
1926 5340 2
3869 5586 1
27 3075 2
5400 5700 2
209 270 2
2717 2735 2
5341 5651 2
3988 5045 1
330 2490 1
157 3399 2
3541 3908 2
4988 5450 2
2863 2872 2
3395 5986 2
4028 4200 2
2591 5557 2
2266 2360 2
706 2312 2
3736 4563 2
5350 5933 2
2515 5599 2
5147 5434 2
651 4889 2
2341 5036 2
3104 4837 1
4269 5193 2
1083 3041 2
3514 5976 2
2534 4126 2
3833 5505 2
295 5753 2
1220 2462 2
383 1792 2
1271 5722 2
1222 1810 2
1121 5190 2
2776 3714 2
2155 3334 2
3484 4615 2
4281 4350 2
5225 5597 2
378 4530 2
3551 3553 2
4476 5593 2
1113 3866 2
513 4414 2
76 1691 2
2183 4896 2
842 1981 2
344 5209 2
481 5745 2
1289 5141 2
872 3444 2
1223 4712 2
1750 4039 2
5294 5779 1
991 2852 2
1492 3964 0
4482 5453 2
3145 4983 2
3632 5660 2
1116 3152 2
2465 3521 2
4598 5886 2
2419 5842 1
4025 4792 0
5295 5369 0
3556 4178 2
1735 2052 2
886 2917 2
4591 5829 2
1189 5943 2
1894 4036 2
2142 4424 2
994 3149 2
1905 4349 2
1217 1468 2
2162 2601 2
4678 5760 0
441 2330 2
3171 4113 2
906 3254 2
3343 5926 2
5237 5596 2
4588 4676 2
1391 3252 2
1185 5397 2
994 2767 2
153 743 2
98 1015 2
1617 1865 2
3778 3935 2
961 2264 2
1247 2328 2
2564 4684 2
1733 4463 2
4746 5188 2
1613 4767 2
628 1733 2
1776 5058 1
2944 3298 2
1059 5722 2
827 1503 1
1520 5147 0
2635 3779 2
489 801 2
3929 4214 2
9 1132 2
1580 2796 2
302 2208 2
4092 5494 1
204 2452 2
1821 3625 2
3567 4418 2
1535 2322 2
4500 4598 2
2885 3644 2
4209 5803 2
2515 5599 0
907 2403 2
1588 3779 2
2145 5893 2
3071 5080 2
5321 5466 2
412 4283 2
1557 2071 2
4377 5540 2
1378 2349 2
1154 2697 2
624 2912 2
3494 3892 2
2495 3050 2
1716 4506 2
142 4654 2
1866 4708 2
4850 5924 2
2450 3528 2
4432 5692 1
312 3210 2
729 3805 2
4455 4807 2
1766 3118 2
384 2159 2
2136 4893 2
1267 3090 1
968 4732 2
245 533 2
3646 5639 2
122 5825 2
1761 5105 2
1920 2543 2
3036 4035 2
344 3359 2
2593 4891 2
7 1778 1
1140 3829 2
1015 3589 2
1053 4746 2
1377 3090 1
2058 4780 2
2112 3310 2
985 3610 2
2113 4774 2
305 3922 2
906 5247 2
2095 3775 2
1270 3780 2
593 2027 2
3871 5730 2
2258 5986 2
6 3893 2
1007 2054 2
514 1213 0
4736 5310 1
4458 5257 2
5461 5591 2
1916 5901 2
1215 3375 2
306 2516 0
5884 5947 2
265 3944 2
3504 3563 2
2173 5584 0
1079 4344 2
907 5162 2
1164 3485 2
262 2800 2
379 2319 2
342 2284 2
866 5045 2
2375 5808 1
2275 3340 2
80 3283 2
2216 5464 2
93 4521 2
1405 3567 2
1582 2371 2
316 5744 2
1945 5668 2
1776 3887 2
3769 3974 2
2213 3677 1
3151 5023 2
2644 5415 1
2420 2537 0
1336 3129 0
1554 4913 1
845 5414 2
1469 2705 2
310 2143 2
402 5495 2
1355 5239 2
446 3321 1
3908 4954 2
1068 5015 2
1873 5168 1
2757 3673 0
301 1319 2
606 1006 1
27 539 2
755 4432 2
533 4538 1
1262 4157 1
559 4786 2
3316 4363 2
3640 5920 2
130 4695 2
3769 4342 2
3599 4451 2
871 2325 2
1034 3011 1
653 4963 2
3850 5177 2
10 559 2
3273 5561 2
210 1995 1
31 3977 2
2362 2492 2
3787 4882 2
1083 3839 2
5506 5692 2
4909 5600 2
706 3984 2
92 5194 2
1245 3284 2
1440 5839 2
2224 5594 0
2713 5970 2
1146 2707 2
571 2618 2
691 2506 2
2090 2269 2
2538 3374 2
3645 5268 2
4586 5535 2
765 5479 2
1415 3469 2
842 1780 2
1172 4885 2
2035 4140 0
341 4066 2
4825 5296 0
1110 5849 1
2929 5805 2
3935 4542 2
1691 3082 2
974 5310 2
1353 1497 2
4321 5647 2
997 4404 2
3930 3975 2
2992 5686 2
3204 3562 2
5280 5324 2
1464 5025 2
1992 4901 2
5215 5938 0
4299 4407 2
1648 4128 2
2298 3540 2
750 2094 2
1769 4867 2
181 2970 2
1380 4086 2
3441 3909 2
5283 5717 2
5105 5836 2
4359 5278 2
935 4234 2
795 2777 2
2563 2951 2
3277 3608 2
1100 1199 2
2180 3938 2
2476 5156 2
1120 2246 2
1102 5554 2
578 3392 2
1650 2459 1
3846 4260 2
654 899 2
362 4914 2
600 2156 2
4642 5148 2
1258 4068 2
3660 5595 2
436 4372 2
554 4513 2
1694 2852 2
1932 5301 2
1817 2759 2
2278 4573 0
5668 5894 2
2048 5843 2
790 3847 2
5077 5890 2
3001 3770 2
3283 4166 2
327 4018 2
830 893 2
5035 5441 2
1673 2495 2
3187 4227 2
2784 5628 2
3984 5483 1
906 4560 2
1232 1320 2
3295 4630 2
888 2148 2
2301 5003 2
1778 2276 2
2794 5154 2
1539 1598 2
3148 5408 2
580 1718 2
457 3360 2
597 2724 2
5208 5570 1
959 2379 2
4817 5082 2
3047 4705 2
1936 3138 2
5023 5910 2
4249 5963 2
2192 2860 2
3949 4558 2
1264 4344 2
823 1815 2
566 1963 2
772 4511 2
145 4372 0
4340 4751 2
713 3132 0
2633 3804 2
3050 4600 2
2141 4061 0
3348 3453 2
729 1069 2
1369 1867 2
1 2318 1
3500 5011 2
1322 3326 2
227 3517 0
3085 4980 2
89 5608 2
1496 5213 1
620 3843 2
1741 4458 1
3297 4491 2
2605 5902 2
2391 4322 2
3548 4474 2
3705 5222 0
2691 2976 0
201 1797 2
214 3745 2
1014 3098 2
1413 5780 2
3262 3436 0
2399 5080 2
860 3508 2
802 1829 2
1566 4849 2
2437 4319 0
1651 3172 2
246 1360 2
2948 4033 2
868 1933 2
2779 5729 2
265 3944 1
1611 5134 1
1421 3151 2
2714 4896 2
1317 5432 2
4872 5283 2
76 5999 2
3126 4150 2
1547 2440 2
1809 2262 2
1228 3307 2
2226 5224 2
4347 5922 2
1072 3482 2
713 3132 2
2865 5030 2
1616 4390 2
2903 4160 2
3917 5484 2
362 2704 2
1172 2381 2
3341 4734 2
280 4412 2
877 4872 2
1108 5955 2
100 3168 2
807 4767 2
303 811 1
3312 5940 2
1005 1774 2
1652 4813 2
954 2560 2
2928 5129 2
2439 5566 2
2832 2897 2
493 3236 2
4382 4876 2
1692 2706 0
1624 2407 2
220 3329 2
4231 5494 2
1831 5477 2
3416 3638 2
968 5164 2
1455 5614 2
1268 4272 2
5262 5561 2
3290 5570 2
1984 4021 2
115 3861 2
1810 5096 2
3143 4744 2
1588 5221 2
3210 4689 2
1469 2875 0
3340 4755 2
1084 3473 2
4802 5433 0
465 2750 2
2170 4150 2
2484 3952 0
1739 5140 2
516 3513 1
1765 4751 2
1460 1584 2
1083 3110 2
2653 4284 2
5363 5521 2
4492 5018 2
4467 4969 2
585 1693 2
2707 3143 2
2673 3898 2
2008 5376 2
1794 5518 2
3411 5004 2
2267 3478 2
5169 5296 2
1922 4879 2
3358 4962 2
1290 4015 2
4118 4203 2
852 2510 2
1496 3070 2
3135 4492 2
510 4080 2
269 4423 2
2005 3767 2
3654 5224 2
1447 1530 2
457 3574 1
2534 3968 2
1792 5342 2
1008 4027 2
1055 2079 2
1448 1950 2
3378 3596 2
3077 5379 2
1855 4221 0
1271 5173 0
3229 3629 2
3109 4748 2
3315 4512 2
208 4235 2
1726 1909 2
2762 4925 2
826 2814 2
413 5552 1
1701 3705 2
1162 5337 2
1760 5914 2
1664 3085 1
982 4098 2
2407 4887 2
5356 5992 1
2616 3549 2
3838 3874 2
1111 5733 2
1768 5735 2
4063 4960 2
1770 3234 2
200 2548 2
1453 1471 2
286 4941 2
3869 5249 2
2144 4177 2
2028 3342 2
1823 3634 2
14 4798 2
2051 4276 2
175 4032 2
1021 3765 2
3816 4966 2
1682 4154 2
82 1342 0
732 2573 2
1415 4728 2
1082 3789 2
4444 4957 2
1310 1495 2
1306 5311 1
1853 3840 2
584 4951 2
2604 3074 2
3526 4697 1
1209 4111 2
1688 1806 1
1598 1703 2
1791 4868 1
466 2410 2
4102 5339 2
3075 4648 2
1798 2870 2
1629 5157 2
803 4449 2
2476 2691 2
37 503 2
3420 5959 2
676 1996 2
1550 4948 2
1459 1786 2
3034 4638 2
2248 3746 2
1619 2360 2
4402 5059 2
5042 5550 2
2756 5299 2
5085 5106 2
2210 2760 2
2976 5615 2
3740 5271 2
1820 3252 2
3413 5146 2
3162 3308 2
1527 3662 2
1473 3405 2
2364 2912 2
1323 1486 2
1553 1936 2
542 2502 0
2420 5131 2
410 3217 2
1234 1567 2
3998 4815 2
2096 2600 2
2304 5767 0
1469 4062 2
1310 1495 1
384 445 2
905 3181 1
674 1744 2
3988 5045 2
2460 5311 2
228 5863 2
1415 5366 2
2037 2072 2
3264 4476 2
267 1492 0
5294 5779 2
136 2942 2
811 3240 2
318 3758 2
696 2123 2
4401 4660 1
649 675 2
2105 3866 2
155 2886 2
108 2571 2
167 2317 2
3869 5586 2
3822 4548 2
5362 5851 2
446 3420 0
0 1524 2
2235 2637 2
396 2306 2
896 2476 2
132 1278 2
2553 5248 2
315 2404 2
1851 4350 2
435 2555 2
1623 4074 2
1125 1299 2
1609 4924 2
2500 5166 2
2214 5398 2
936 4847 2
3045 3305 2
5331 5481 2
1287 3821 2
509 1461 0
3424 5944 2
1186 3671 2
3159 3926 2
356 2373 2
4233 5821 2
2771 5885 2
1303 1586 2
2456 4939 2
161 4316 2
1558 5361 2
3 3985 2
3280 5562 2
1342 2163 2
786 1883 2
3672 4905 2
863 3828 2
2161 4984 2
2673 3898 1
1421 5869 2
2424 2755 0
3076 5603 0
2211 2542 2
2030 2093 0
2569 3272 2
2332 4458 2
4743 5218 2
4589 5839 2
2672 4758 2
1900 3750 2
3429 4024 0
1443 2984 2
1391 5537 2
3052 5183 2
380 5720 2
2335 2828 0
248 5330 2
3027 4430 2
5110 5858 1
2151 4078 2
2432 5824 2
3040 3154 2
2449 5913 0
505 2268 2
143 3717 2
2622 5457 2
495 3166 2
2320 5182 2
3511 4753 2
3050 4801 2
719 3271 0
3461 4143 2
530 1963 2
728 4134 2
1842 5571 2
1352 3346 2
820 2173 2
2634 4470 2
4272 5529 2
1814 4469 2
2485 5461 2
569 1510 2
4303 5382 2
1396 5338 2
746 5909 2
4329 4864 2
1101 5613 2
23 1680 2
530 4168 2
5382 5541 2
715 2406 2
4858 5124 2
977 4418 2
3979 4110 2
1592 3145 2
2771 3379 2
4203 5212 2
725 5008 2
952 4323 1
4268 4750 0
1598 1681 0
4124 4201 2
3370 5525 2
263 5481 2
1456 3806 2
2183 5916 2
1316 4494 2
3157 5441 2
1786 4329 2
393 2389 2
3469 5359 2
2110 2898 2
2699 2869 2
4010 5394 2
4102 5679 2
164 374 2
5109 5664 0
1144 1952 0
288 2854 2
1286 2268 0
3032 4942 2
1162 5986 2
289 558 2
2975 4093 2
4333 4452 2
5249 5918 2
1199 1949 2
2308 3385 2
3078 3985 2
1864 2075 2
3706 4194 2
3904 5212 2
1499 5355 2
697 1218 2
250 401 2
588 5832 2
2940 4886 0
3205 5376 2
3305 5116 2
1973 4753 1
1472 2182 2
2569 5916 2
4220 4760 2
3975 4042 2
224 917 2
611 5726 2
2761 4655 2
2769 5000 2
3801 5456 1
1429 5309 2
1523 3416 2
1508 3049 1
1840 3242 2
1293 1350 2
2085 2930 0
2454 2677 2
1486 5967 2
327 5284 2
3804 5708 1
1041 4278 2
1326 2133 2
529 3714 2
221 920 2
806 5931 2
2900 3697 2
330 3292 1
1881 3029 2
754 1906 2
83 707 2
3252 5083 2
1825 2532 2
2265 5443 0
273 5387 2
2990 3647 2
2056 4815 2
1011 3114 2
3618 4778 2
1918 5345 2
3519 4821 2
1251 1823 2
4299 4738 2
99 4426 2
2 5920 2
4877 5430 2
507 1774 2
323 3796 2
812 3943 2
1778 5273 2
4819 5581 2
766 851 2
1511 2878 2
3471 4664 2
1686 2264 2
2421 4512 2
842 1796 2
1915 3173 2
4230 5828 2
1191 3617 2
1460 3490 2
396 4284 2
3330 5806 2
3017 3164 0
2661 5660 2
602 2996 1
499 896 2
469 1966 2
909 2874 2
505 2268 1
4377 5540 0
970 4844 2
1127 2771 2
1724 5764 2
5635 5978 2
1833 5695 2
986 5914 2
2753 4293 2
768 3211 2
3392 5852 2
814 1155 2
802 1860 2
3773 4591 2
1267 3090 2
774 3880 2
3794 4004 2
31 995 2
1741 2902 1
6 5694 2
641 5656 2
1843 4922 0
2621 3415 2
1704 4234 2
3920 4944 2
3876 4429 2
89 1674 2
563 3046 2
249 4487 0
1376 2549 2
2126 4214 2
3398 3997 2
4188 4589 2
761 4138 2
4524 4563 2
1812 5049 2
2047 4776 2
1508 2917 2
3493 5491 2
438 2037 2
3970 5711 2
4539 5398 2
1688 1940 2
3784 4065 2
2862 3073 2
4550 4701 1
266 1175 2
3667 4242 2
2514 5074 2
1266 5258 2
5086 5863 2
1711 5192 2
3936 4639 2
1496 4799 0
597 4764 0
4240 5119 2
3066 5311 2
3246 4219 2
3202 5253 2
4020 5383 0
2694 3565 2
128 4835 2
1118 5429 2
3800 5939 2
714 3727 2
3522 3952 2
3090 4401 2
1332 4775 2
756 4567 2
3604 5364 2
161 4599 2
5205 5582 2
1305 2150 2
512 1909 2
109 720 2
3391 3962 2
830 3188 2
1315 5796 2
4380 5669 2
1425 2463 2
2503 4708 1
3003 3452 2
4463 4620 2
5593 5678 2
2056 3733 2
2083 5436 2
5388 5970 2
55 1268 2
4625 4841 2
3392 3473 2
4158 5933 2
4323 5866 1
1709 1885 2
2760 5696 2
1397 5530 0
5283 5717 0
2837 3929 1
2014 2324 2
3726 4662 2
2084 5265 2
4267 5465 2
894 4531 2
4999 5534 2
159 1714 2
131 4817 2
1374 5383 2
1792 3786 2
96 598 2
3253 3611 2
1822 2920 2
4134 5663 2
4421 5880 2
199 690 0
4772 5921 2
1584 2826 0
466 1386 2
1837 2190 2
839 2978 2
928 5956 2
1820 4125 2
3622 4694 2
932 1185 2
2730 5153 2
197 578 2
2357 2692 2
506 5201 2
46 4463 2
909 1903 1
2130 3539 2
4587 4725 0
3117 4695 2
1522 3754 2
2330 5968 0
2824 3537 2
903 5033 2
3481 5638 2
1573 4697 2
1549 2226 2
1114 5601 2
4343 5642 2
1119 1162 2
267 3201 2
3234 4697 0
2444 4009 2
3813 5401 2
519 2333 2
954 3016 2
243 4992 2
2453 3374 2
1647 4931 2
70 576 2
1243 5561 2
466 3894 2
4597 5143 2
1563 2336 2
3365 3549 2
2156 4010 2
4369 5849 2
3551 3723 2
4009 5205 2
2053 3943 1
2472 5764 2
4198 4678 2
4327 4765 2
252 2753 2
4309 4952 2
4022 4274 2
643 2554 2
2456 2669 2
747 3019 2
828 3645 2
1501 3314 2
1734 5880 2
284 2282 2
2428 5745 2
4794 5967 2
4164 5216 2
4449 4714 2
3854 5862 2
2802 5772 2
3396 3458 2
4619 5903 2
825 3996 2
1694 2499 2
376 3697 2
289 2633 2
549 4962 2
1662 2683 1
1469 2875 2
536 5379 2
1109 4983 2
818 4778 2
1857 4803 0
4456 4864 2
48 3123 2
2004 3336 2
182 1276 2
147 5958 2
1359 2989 2
5101 5772 2
2219 5945 2
5260 5513 2
2388 4743 2
722 5354 2
1284 2087 2
417 5108 2
485 905 2
12 68 2
158 551 2
1123 2421 2
695 2149 1
2632 5033 2
240 4421 2
2376 5996 2
3022 4969 2
2286 5242 2
526 2802 2
1911 5114 0
3273 4183 2
4792 5588 2
5092 5308 2
970 2657 2
3132 5893 2
1320 3863 2
5302 5336 2
1456 5602 2
793 3329 2
1689 3079 2
1050 4440 2
2703 4559 2
321 1176 2
184 188 2
1359 3601 2
1337 5670 2
818 4359 2
846 1652 2
2218 4362 2
3406 5925 2
1262 4157 2
1823 2397 2
1533 5765 2
918 5569 2
1413 1863 0
3587 5093 2
24 3187 2
812 5877 2
2728 3755 2
555 4759 2
2558 3620 2
1554 4913 2
2833 4592 2
1572 4208 2
818 5090 1
475 4497 0
3156 3439 2
1503 1925 0
3545 4764 2
3053 4616 2
2289 5542 2
1470 3205 2
117 3144 2
1227 4674 2
469 1633 2
541 1913 2
1631 2557 2
4121 5371 2
4708 5893 2
980 5197 2
1203 3178 2
306 5702 2
3541 4899 2
1546 4569 2
3527 4858 2
1063 5684 2
1492 2259 0
2184 2882 2
2741 3339 2
787 5683 1
4508 5950 2
2410 5222 2
1501 3314 1
2188 3912 2
407 1923 2
2448 2948 2
12 3496 2
450 2866 0
396 4780 2
1015 5379 2
269 5072 2
2884 3807 2
2592 4995 2
2265 5189 2
3400 3402 2
2655 4093 2
3697 4251 2
4935 5929 2
2453 3374 1
151 613 2
1863 4161 2
1663 3314 2
1705 3153 2
1869 4221 2
1674 2954 2
683 3809 2
182 2217 2
2709 4771 2
1667 4212 2
3462 4246 2
3541 5589 0
139 3472 2
5424 5725 2
2214 3790 2
4537 4744 2
73 705 2
2392 3606 2
653 1007 2
106 3053 0
4247 5452 2
2166 2464 2
1067 3912 2
1892 5099 2
872 3444 1
823 1385 2
1210 4378 0
526 2802 1
540 4179 2
2392 3606 1
356 2996 2
1568 5595 2
1544 5351 2
2903 3056 2
872 1316 0
4435 4966 2
3852 3973 2
2685 4963 0
580 2121 2
1988 5834 2
418 4655 2
796 1966 1
883 1196 2
380 4967 2
1718 5880 2
920 2995 1
90 2289 1
1218 2512 2
2206 3357 2
1389 5535 2
1447 4907 2
4791 5313 2
1464 1997 2
1042 1729 2
1434 5900 2
4199 5044 2
607 3900 2
2055 2228 2
4659 5159 2
1192 3130 2
4381 5608 2
2442 4075 2
1130 2622 2
2140 3224 2
1283 5500 2
3910 5772 2
3195 3591 2
3545 3633 2
1598 1703 0
981 1932 2
3536 5750 2
1696 5191 2
5113 5581 0
4720 5452 2
4371 5809 2
1274 2421 2
7 1778 2
2502 5847 2
413 5552 2
2417 3979 2
4194 5340 2
4190 4956 2
2331 4119 2
1803 3222 2
3373 5091 2
883 2721 2
203 4866 2
4625 5436 2
4263 4394 0
1285 4119 2
1758 1811 2
673 5580 2
382 1331 2
2035 3291 2
1388 4215 2
5241 5896 2
2943 3954 2
2732 3598 2
390 3081 2
4573 5142 2
1075 1525 2
4764 5707 2
5724 5916 0
903 5768 2
3461 4183 2
447 1353 2
1225 1751 2
390 4929 2
3112 4251 2
1054 4056 2
2401 4006 2
1324 5452 2
1941 5094 2
1998 3290 2
993 2468 2
2862 3427 2
3421 4734 2
5548 5818 2
791 5521 2
1106 5748 2
592 4451 2
472 3292 2
2200 4122 2
700 771 2
549 1039 2
4320 5758 2
3072 5114 2
185 3637 2
1612 5483 1
2081 2118 2
3082 5889 1
3371 5623 2
456 4160 2
445 2408 2
1869 5299 2
494 4459 1
2727 4269 2
2799 4750 2
3618 5202 2
1432 2072 2
1328 1376 2
275 5966 2
5292 5307 2
732 2580 2
325 2063 2
1920 4466 2
1417 3495 2
2673 5428 2
1835 3338 2
227 3517 2
2292 5273 2
3136 5962 1
1101 5509 2
890 2484 2
45 5515 2
2778 3026 2
76 2025 2
1394 2683 2
911 1516 2
4159 4676 2
2535 5536 2
2812 3010 2
1087 1647 2
3139 5170 2
433 3327 2
381 4948 2
304 5406 1
876 2574 2
5357 5558 2
1539 1598 1
3734 3747 2
256 1371 2
3886 5180 2
2636 5994 2
957 984 2
2641 3039 2
228 2561 2
1112 3739 2
3 4809 2
714 2660 0
1031 1342 1
1167 1912 2
3326 3995 2
2451 5556 2
4208 4918 2
2907 5419 2
3515 5770 2
2559 4845 2
1620 3401 2
2213 3677 2
1129 5627 0
1372 2489 2
1637 3647 2
1751 4932 1
261 3405 2
1129 5627 2
1926 2447 2
580 4164 1
2986 5800 2
4689 4702 2
5346 5985 2
3102 3776 2
1590 3934 2
2419 5927 2
511 2656 2
2878 5437 0
617 5219 2
931 1433 2
2250 5227 1
408 4752 2
2344 3353 2
374 5898 2
1823 2399 1
1131 3937 2
586 1310 2
5521 5713 2
1645 5546 2
3866 4936 2
902 1470 0
5668 5894 1
2066 5495 2
1182 3993 2
4495 4518 0
4818 5562 2
2142 3840 2
300 3627 2
3396 3458 1
1200 1802 0
2074 3867 2
1581 5220 2
33 3515 2
3836 4734 1
870 2983 2
2269 4684 2
428 5828 2
2847 3115 2
562 4843 2
2515 5327 2
4482 5253 2
719 2583 2
1991 4163 2
5662 5780 2
3645 4427 2
1226 2258 2
3699 5978 2
1772 2510 2
409 4810 2
1432 4654 2
1773 4973 2
524 2910 2
2840 4418 2
137 4452 2
106 2391 2
1414 1965 2
1389 5256 2
4370 5138 2
133 4475 2
2095 3894 0
3021 3571 0
1346 5578 2
4044 5384 2
2739 3070 2
600 1044 2
3421 4979 2
4150 4165 2
2197 5776 2
2830 4590 2
2655 3726 2
2912 4349 2
2168 3870 2
1905 4309 2
602 987 2
254 2628 2
1892 3552 2
3633 5384 2
1708 3429 2
331 4628 2
1826 3869 1
2133 3048 2
3326 4142 2
3062 3899 2
3457 4221 2
1538 3553 2
1416 1812 2
2796 4870 2
4713 5867 2
3695 3906 0
3801 5456 2
1692 5251 2
472 5747 2
61 5020 2
1272 3889 2
2580 3256 2
2994 3519 2
1534 1807 2
1550 2869 2
224 4150 2
1425 4187 2
4484 4683 2
449 5667 2
1416 4518 2
515 1630 2
806 4091 2
1740 2453 2
549 1381 2
3690 4334 2
598 2507 2
3001 3096 2
680 2773 2
2535 4767 0
378 3834 2
3345 5137 2
1065 5460 2
1144 1952 2
3549 5041 1
562 3771 2
31 995 0
2443 3289 2
1206 5811 2
951 3537 2
2129 4245 2
2033 2284 0
204 1312 2
2556 5365 2
4382 5326 2
685 4938 2
1414 5851 2
1274 4529 2
412 5050 2
5314 5552 2
171 3321 2
2229 5423 2
2728 3755 1
3441 3909 0
1535 1986 2
1145 5237 0
1624 1832 2
1210 3362 2
1732 4242 0
3753 5270 2
1219 2119 2
2073 3784 2
1962 3450 2
737 4228 2
2239 5575 2
3783 5143 2
5628 5724 2
5002 5520 2
4742 5882 2
2935 3915 1
4779 5983 2
2130 3497 2
1272 5110 2
1286 4654 1
1147 1976 2
853 4577 2
2369 3684 2
2434 2495 2
1150 2226 2
1989 5040 2
3674 4099 2
1028 3717 0
352 4904 2
2761 4655 0
1656 5787 2
2862 4261 1
1412 3541 2
4038 4683 1
1136 3527 2
4192 4869 2
3003 3272 1
4232 5847 2
4112 4981 2
1327 5909 0
1915 5663 2
2984 5146 2
1982 2498 2
629 933 0
1012 3775 2
3189 3760 2
381 2458 2
3654 5224 0
2754 5230 2
158 551 0
1030 3427 2
79 5348 2
1688 1806 2
177 3886 2
1405 5843 2
1337 4755 2
1994 2237 2
5635 5817 2
4183 4270 2
3085 5544 2
3306 3353 2
3178 5556 2
2949 3803 2
1091 3030 2
1719 3823 2
768 3564 2
3424 5463 2
1547 2440 1
1322 3748 2
2620 5009 0
1825 2389 1
2609 5388 1
1318 4931 2
644 2639 0
3545 5433 1
1317 1927 2
565 4043 2
4709 5868 2
1231 2781 2
2239 4637 2
657 1300 1
834 5878 2
244 3728 2
196 2123 2
179 5498 2
1448 5633 2
2484 3952 2
3109 3872 2
1352 1930 2
2661 3269 2
4980 5941 2
79 5948 2
551 5584 2
982 1922 2
1463 3607 2
532 5313 2
756 5375 2
1764 5829 2
2179 4292 2
3927 4164 2
2067 3452 0
1876 2391 2
1627 5893 2
4499 5146 1
3519 4821 1
524 2780 2
2172 5748 2
1696 2917 1
3780 4303 2
4263 4394 2
3495 5672 2
3033 4821 2
1173 2114 2
737 3541 2
610 1422 2
241 4996 2
1544 5351 1
2992 3633 2
1423 2750 2
320 5506 2
87 5327 2
1334 3433 2
849 2786 2
3600 3757 2
126 5942 2
4472 4613 2
2739 4735 2
3705 5270 2
2671 3545 2
2078 3237 1
87 611 2
1570 5273 2
226 2379 2
2862 3427 0
4841 5270 1
566 4653 2
535 1848 2
737 5380 2
1416 5837 0
2290 2848 2
157 2965 2
5411 5680 2
1483 2404 2
1947 5810 2
2831 5865 2
1482 3723 2
1661 5656 2
2256 2429 2
1764 2470 2
1411 2237 2
1294 4459 2
4463 5279 2
1889 3302 2
2951 3215 2
1760 5716 2
2572 3687 2
856 5567 2
2084 2342 2
1320 4736 0
88 1273 2
444 5575 2
1136 3527 0
2549 3794 2
1416 2375 2
459 3612 2
996 4325 2
2940 4886 2
1361 1895 2
3435 4977 2
2864 3905 2
1426 5666 2
840 1136 2
2720 4443 2
4906 5756 2
286 2382 2
3802 5574 2
3442 4440 2
3545 4764 1
1893 4150 2
3285 5002 2
3445 5209 2
1155 4674 2
5058 5744 2
5638 5887 1
1627 3421 2
578 2973 2
1493 3685 2
276 1808 2
2422 3770 2
518 4367 2
1978 3761 2
262 680 2
228 1062 1
2791 3157 2
3017 4436 2
3272 4696 2
2011 2212 2
779 4239 2
1520 1980 2
713 5004 2
2633 5191 2
3123 3363 0
254 3831 1
5201 5644 2
1598 4371 2
5244 5360 2
1589 1648 2
2323 4711 2
2283 3430 2
260 2431 2
114 3172 2
1700 2012 1
484 4952 2
1460 4120 2
64 2082 0
1957 5010 2
2592 3680 2
1395 4914 1
408 4214 2
3454 5211 2
1800 2258 2
902 1470 2
4803 4885 2
353 1328 2
948 5242 2
2303 5083 2
3894 4459 2
2333 2455 2
4437 5929 2
4903 5849 2
2051 3946 0
1255 1465 2
2305 4591 2
1243 1673 2
1001 1129 2
2609 5670 2
1720 2189 2
824 3010 2
1194 5372 2
4807 5953 1
1288 3710 2
5198 5889 2
935 1107 1
1448 2854 2
590 4643 0
1247 2328 0
516 4502 0
1066 1846 2
3471 3770 0
1971 3483 2
4463 5264 2
3991 5121 2
377 460 2
2693 4736 0
4607 4738 2
4264 4270 2
1110 5849 2
1918 2507 2
1786 4540 2
4569 4703 2
2174 5621 1
2164 5315 2
2426 5381 2
173 3695 2
1126 1618 2
306 4277 2
1013 5889 2
267 752 2
5638 5887 2
3324 3966 2
2070 3514 2
3239 5489 2
1802 3320 0
2231 2668 2
3259 5964 2
1519 5705 2
2908 2955 2
380 514 2
3397 5192 2
77 5079 2
57 5962 1
3231 5623 0
4768 5569 2
1284 3121 1
232 3208 2
5110 5858 2
466 5289 2
2030 2093 2
766 4471 2
142 1202 2
1031 4469 2
101 5334 2
1689 5607 2
3581 4240 0
4661 5130 2
3527 4073 2
1178 2273 1
894 933 2
1599 2738 2
1449 4075 2
508 3972 2
762 1718 2
1287 4311 1
3024 3080 2
12 3496 0
2078 3237 2
2225 3530 2
2440 4924 2
3721 4628 2
3586 5714 2
3010 3495 2
512 819 2
3926 4785 2
2571 5282 1
110 1743 2
625 2489 2
18 240 2
751 5348 1
1078 5116 2
415 3723 2
929 2093 2
236 1931 0
1108 4859 2
2240 4985 2
2767 5756 2
3988 4823 2
3226 4587 2
339 2908 2
2227 5786 2
4158 5612 2
1656 1671 2
2814 5468 2
3656 4123 2
3032 3625 2
2165 2687 2
1940 5998 2
996 1446 1
1777 2011 2
918 1580 2
3066 3557 2
2635 5826 2
378 3834 0
4925 5884 2
299 2736 1
4777 5419 2
1444 2995 2
1746 4909 2
2386 3724 2
2863 3607 2
17 285 2
5113 5168 2
1130 5224 2
3342 3983 2
18 793 2
2645 3356 2
1013 5805 2
1301 5010 2
4148 4618 2
845 2569 2
2949 3803 1
125 4043 2
1282 2830 2
787 5397 2
4253 5761 2
2782 2803 2
1574 5029 2
1873 3034 2
2128 5761 2
4270 4974 2
2375 5808 2
2853 4244 2
1732 4242 2
2601 3256 2
854 1017 2
447 2904 1
2789 2985 2
875 5090 2
1336 3129 2
1929 3160 2
4466 5382 2
227 2972 2
5686 5891 0
893 2695 2
5904 5943 2
1472 4553 2
2635 5076 2
3056 4499 2
3265 4413 2
75 1220 2
3788 4324 2
3926 4191 2
940 5333 2
1799 4855 2
2567 4450 1
2359 5627 2
1244 5641 2
2140 2539 2
1471 4420 1
3179 5877 2
991 4254 2
1085 1973 2
1426 5666 1
2087 4828 2
946 1070 2
496 2515 2
1994 2641 2
821 3034 2
4164 5216 0
3600 5385 2
2024 3455 2
957 4211 2
3254 5097 2
7 2374 2
2513 4104 2
2083 4551 2
49 4784 2
3301 3782 0
2241 2991 2
909 1903 2
2072 4616 2
2521 4738 0
480 5483 2
1207 1908 2
619 2812 0
1897 2772 2
713 5606 2
871 3427 2
2840 4418 1
4710 4800 2
1385 3037 1
4184 4320 2
3911 5001 1
1428 3764 2
136 2964 2
3486 4204 2
2968 5576 2
4428 4993 2
1838 3902 2
1286 2268 2
717 4306 2
3160 4611 2
1720 3764 2
1507 4366 2
4155 5882 2
2071 3387 2
1778 5273 0
204 1312 1
3559 4801 2
75 4005 2
1718 4198 2
1978 5041 2
3419 5618 2
872 920 2
3335 4307 2
3429 4024 2
4892 5391 2
8 5226 2
2695 4532 0
2896 5939 2
2033 4221 2
2602 3155 2
1644 5088 2
808 2747 2
2235 5807 2
56 356 2
259 1445 2
1503 4989 2
657 1300 2
902 4257 2
2033 2284 2
1744 2074 0
1230 2820 2
3634 4043 2
998 3331 2
1324 4134 2
554 5125 2
2546 4905 2
131 2505 2
1967 4521 2
1612 4552 2
4187 5560 2
1735 2052 0
4205 5522 0
1119 4740 2
210 1995 2
3988 4144 2
1493 3874 1
1728 4872 2
1503 1925 2
1474 4375 2
5633 5688 2
494 4459 2
2896 5727 2
1925 2449 2
4749 4944 2
2312 5846 2
5015 5068 1
3022 5679 0
815 5818 2
2391 4187 2
2285 5090 0
2925 5092 2
381 2458 1
905 2101 0
468 835 2
604 5038 2
4619 4785 2
2390 3206 2
4653 5699 2
2896 5939 0
1371 1742 2
314 5679 0
2714 5130 0
328 1067 2
3462 5099 2
1698 3879 2
3057 4280 2
1233 2272 2
2140 5062 2
2000 3583 2
1437 2605 2
1896 2279 2
3710 5341 0
242 4625 2
765 1355 2
1526 4440 1
1326 3167 2
4679 5856 0
735 3833 2
1753 5303 2
2498 5000 1
1695 4944 2
2121 3605 2
1771 3048 2
1984 5149 1
3169 5293 2
704 3838 2
4262 4760 2
1933 5482 2
53 2588 2
3240 4747 2
3694 5592 2
157 2965 0
1224 4740 2
883 5580 2
2414 5226 2
1817 5533 2
3392 5429 2
1240 1282 2
5101 5772 0
631 5084 2
2592 3210 0
5470 5813 2
268 2209 2
3286 3343 2
1218 4915 2
1145 5237 2
4372 5536 2
1122 4064 2
3056 3853 2
1300 5625 2
5413 5641 1
625 2160 2
582 3095 2
4222 5225 2
486 5911 2
548 2654 2
4478 4966 2
1524 4222 2
2330 5968 2
113 2698 2
1659 4611 2
3197 3986 2
1341 3087 2
490 1285 2
1965 2834 2
594 668 2
3015 5954 2
1708 2774 2
3063 3752 2
1854 2366 2
124 4974 2
1463 3370 2
313 3119 2
1610 3286 2
393 1094 2
430 1150 2
28 543 2
294 4227 2
281 3595 2
69 2836 2
4678 5760 2
4375 5746 2
1403 4777 2
1575 5778 2
3157 5441 0
3262 5361 2
1819 2638 2
1842 1866 2
1792 5824 2
5249 5624 2
1756 5190 2
3200 3417 2
3008 4999 2
2744 5029 2
119 2027 2
193 1148 2
1655 2214 2
212 3424 2
182 4760 2
2734 5968 2
4199 5426 2
844 3268 2
1745 2943 1
5382 5541 0
2538 3374 1
3811 5643 2
2508 5123 2
3239 5510 2
246 1030 2
1594 5412 2
2358 4967 2
1734 2745 2
2028 4743 2
2930 5988 2
387 2827 2
3561 5696 2
537 3289 2
1700 2012 2
263 2020 2
572 4723 2
475 5086 2
2244 5864 0
516 3513 2
2071 3761 2
3975 5902 2
3849 5574 2
1595 4506 2
1480 2338 0
5012 5051 2
47 3248 2
2161 4308 0
257 5288 2
210 3187 2
1277 5697 2
1017 4752 0
4505 5387 2
1802 2170 2
1172 5130 2
4135 4204 2
74 4291 2
1892 5892 2
1848 2873 2
480 5825 1
2919 3499 2
864 3789 2
471 2180 2
730 5071 2
877 4086 2
1378 3226 2
503 5141 2
5032 5132 2
2572 5362 2
1533 4059 2
810 2558 2
1052 4726 2
13 2145 2
322 2914 2
13 341 2
3293 5629 2
91 4628 1
2971 5434 2
3356 4657 2
1077 5723 0
2019 4615 2
3261 5640 2
2704 5388 1
2688 4814 2
3416 5500 2
4401 4660 2
2559 2651 2
1983 5838 2
363 4217 2
2313 3856 2
2819 3932 2
2222 4903 2
3642 5682 2
706 1935 2
878 4084 2
222 3330 2
2901 2914 2
4771 5332 2
2391 4322 0
1612 5763 2
2536 4594 2
2646 3668 2
3890 4498 2
1044 2048 2
1793 4073 2
2254 3586 2
2905 4386 2
2609 5388 2
3396 5638 2
1312 3315 2
656 829 2
277 2977 2
1031 1342 2
404 3562 2
2543 4394 2
2602 4742 2
367 3997 2
549 5528 2
894 2618 1
553 1490 2
281 5433 2
1612 5483 2
3086 4447 2
1001 4419 2
84 5606 2
4169 5626 0
4659 5945 2
1066 3202 2
3275 5573 2
1643 2098 2
2417 3799 2
354 525 2
1574 4239 2
1385 5132 2
2771 3294 1
1677 5393 2
3796 4420 2
411 1912 2
426 3133 1
2772 3491 2
622 2473 2
401 2504 2
547 2804 2
1761 5105 1
597 1779 2
250 1278 2
3809 4082 2
236 5704 2
2993 4136 2
3498 5130 2
754 4286 2
3381 4557 2
803 2546 1
684 4251 2
1757 5735 2
1286 5572 2
3346 3468 2
3406 4107 0
3956 4493 2
401 3592 2
2586 2972 2
196 4825 2
1856 5391 0
5345 5356 2
2435 4896 2
2883 4240 2
5102 5178 2
4626 5946 2
3719 3753 2
1337 3599 1
305 5946 2
3148 3561 1
5447 5486 2
2244 5864 2
149 5557 0
39 2465 2
521 2815 2
1364 4892 2
1718 5880 0
681 2150 2
522 4262 2
1560 3868 2
1847 2810 2
1505 3655 1
1797 2756 2
971 2443 2
1621 2220 2
213 944 1
27 3075 1
2551 5073 2
3022 5679 2
929 3006 2
1458 5367 2
2095 5733 2
1601 1882 2
3017 4937 0
2266 3247 2
5755 5840 2
1337 3599 2
2466 3282 2
1735 4667 2
2748 5550 2
865 5906 2
1602 4905 2
1951 4071 2
1880 2304 2
487 4891 2
2282 4860 2
1210 3712 2
82 2913 2
2420 2503 2
1482 5224 2
748 2646 2
2697 5323 2
2137 5838 2
501 1082 1
522 1692 0
1143 3037 2
2509 4527 2
552 2144 2
2762 4314 2
1278 1692 2
389 3966 2
336 2821 2
969 3165 2
565 4541 2
1628 4585 2
1387 5648 2
2767 5045 2
848 4206 2
3288 3925 2
5234 5865 2
3370 4929 2
752 4177 2
3214 5024 2
274 3175 2
2352 3090 2
2897 3574 2
1618 4531 2
2123 5635 2
3623 4590 2
1743 1824 2
2184 2370 2
962 1739 2
1483 5666 2
2548 3026 0
2605 4352 2
3435 3646 2
1480 5151 2
1904 4090 2
7 2374 1
953 5389 2
2136 3033 2
200 3991 1
3187 3799 2
466 2410 1
2753 4376 2
1004 4265 2
44 2048 1
2152 4856 2
3981 4047 1
479 2324 2
4564 4756 1
1334 1842 2
5349 5734 2
781 4905 2
4404 5021 2
1376 2549 1
2196 2877 2
3007 3971 0
1950 5015 2
1407 1870 2
4177 4397 2
3079 4685 2
428 3408 2
4468 5719 2
5693 5788 2
834 4205 2
3936 4388 2
3352 5820 2
1318 3456 2
927 5492 1
696 2151 2
1857 4786 2
1992 2595 2
2808 5422 2
200 3991 2
2965 3274 2
3384 5414 2
4141 4631 2
295 3112 2
3417 5278 2
217 4297 2
3545 3749 2
837 5534 2
347 1464 2
733 4566 2
2351 4461 2
2011 4333 2
1000 2867 2
3737 5984 2
1018 2492 2
1195 1738 2
3374 5006 2
1451 5320 2
90 2289 2
3671 4275 2
965 4424 2
5071 5159 1
393 5791 2
2361 5269 2
5171 5887 0
4686 5524 2
1798 4830 2
1673 4662 2
210 2701 2
1968 2826 2
5794 5857 2
2224 5829 2
2849 3306 2
1792 2589 2
2425 2939 2
423 3141 2
681 1159 2
1770 4078 2
3386 4379 2
1557 3635 2
328 5870 2
1977 4460 2
2348 5082 2
2498 5766 2
1209 1262 2
2879 4640 2
715 3941 0
300 575 2
3428 3703 2
1860 3913 2
3301 3782 2
2165 5412 2
4463 4620 1
32 2305 2
2109 2935 2
80 3883 2
48 759 2
2437 4319 2
2624 4338 2
2493 5268 2
190 391 2
638 1378 2
444 5254 2
4625 5255 2
1776 5977 2
462 4979 1
5081 5430 2
646 740 2
2863 3355 0
4392 5861 2
3202 5253 0
4448 5060 2
1859 4822 2
1646 5707 2
4151 4214 2
921 5087 2
2137 5412 2
2705 5824 0
4717 5475 2
2952 5199 2
1295 2256 2
530 1963 1
4063 4122 2
1250 3140 2
709 2481 2
415 3723 1
657 1943 2
1843 4922 2
1414 4130 2
3041 4278 0
648 1338 2
1492 3964 2
1280 5227 2
1759 2611 2
643 2498 2
3876 5015 1
350 5428 2
3198 4075 2
2557 3262 2
5119 5529 2
2278 4226 2
4829 5292 2
972 4744 2
568 1667 2
3996 4337 2
1734 4622 2
1394 5902 2
957 1344 2
768 1242 2
532 1633 2
1118 3443 2
3712 4645 2
1615 4564 2
4324 5449 2
1149 4290 2
601 2146 2
545 797 2
1722 5842 2
1465 1801 2
329 5320 1
2249 5428 2
555 1278 2
1611 5134 2
2496 5688 2
3515 5617 1
2517 5496 2
843 4323 2
3271 5372 2
384 4731 2
3031 5742 2
2924 4630 2
1684 5130 2
533 831 2
3174 3721 2
2227 2822 2
3090 3546 1
3038 4054 2
417 5200 2
4063 4960 1
722 4117 1
3716 5558 2
592 5586 2
2732 4976 2
1558 4132 2
1123 3028 2
2489 3860 2
4958 5185 2
3248 5755 1
3286 3735 2
5725 5934 2
507 1554 2
511 1103 2
1121 5317 2
236 1547 2
913 2711 2
1692 2706 2
1257 1904 2
3100 3558 2
4636 5411 2
657 4797 0
421 1454 2
2315 2565 2
1292 5285 2
1727 3246 2
41 967 2
737 2019 2
2160 4584 2
4048 4418 0
1274 2421 0
1110 2415 2
4176 5553 2
4346 5329 2
2247 4739 2
710 4769 2
2269 3311 2
591 5495 2
1986 4206 1
1549 2226 1
445 2613 2
3620 5370 2
3901 5338 2
1583 4910 2
5129 5887 2
733 5979 2
989 1752 2
3988 5783 2
2663 4754 2
3658 4553 2
1915 3173 1
789 5817 2
3222 4073 2
143 4512 2
800 3586 2
1982 3639 2
1523 4487 2
146 916 2
2420 2503 0
1690 1920 2
1776 3887 0
1705 1780 2
4993 5668 2
773 2498 2
458 1053 2
3830 4776 0
219 898 2
3087 3621 2
601 799 2
755 3921 2
2016 3718 2
3234 4697 2
2077 4514 2
251 5590 2
2415 2804 2
845 4216 2
1110 4675 2
1046 1047 2
2191 5835 2
1519 2330 2
2034 4079 2
458 599 2
1972 3983 2
3191 5999 2
1233 3025 2
466 4564 2
1906 5540 2
1150 4744 0
3613 4663 2
1281 3246 2
696 5381 2
2868 3608 2
118 1687 2
1856 3477 1
2742 4912 2
419 5052 2
1802 3320 2
3128 4347 0
1089 3004 2
3977 4543 2
2892 3294 2
4343 4394 2
95 1944 2
1356 1964 2
5167 5578 2
628 3773 2
715 5837 2
2207 3400 2
2145 3884 2
3593 5568 2
405 4041 2
1806 4444 2
3216 3350 2
2737 3226 2
2305 4538 2
190 2682 2
2269 2667 1
1446 4985 2
1561 5980 2
645 3232 2
572 2459 2
2104 4022 2
924 1660 2
2411 3431 2
4203 5844 2
2805 3758 2
1110 2846 2
3058 5568 2
1470 2456 2
3505 5414 2
1162 4167 1
532 4859 2
51 1872 1
810 2154 2
1144 3289 2
508 4622 2
1942 4581 0
5059 5867 0
1089 4649 2
1049 4749 2
2182 3047 2
350 3578 2
1755 2178 2
606 4075 2
2537 3930 2
2703 5780 2
908 5535 2
1919 4962 2
603 2612 2
3296 4595 2
4401 4842 2
359 908 2
156 4617 2
810 4239 2
2465 2603 2
314 695 2
2321 4784 1
67 5643 2
514 3520 0
99 3156 2
4691 5685 2
4124 5135 2
5624 5654 2
129 1208 2
10 5977 2
527 3852 2
1123 2421 0
5130 5678 2
2062 3928 2
1047 5261 2
1625 5524 2
2033 4725 2
553 2480 2
2836 4920 2
3088 4688 0
365 3392 2
43 1496 2
1284 2087 0
2535 4767 2
1773 4345 2
1395 5687 2
3339 5928 2
550 1247 2
464 5589 2
3403 5041 2
1230 4101 2
2029 4789 2
2930 5992 2
5395 5991 2
1529 3698 2
1949 5734 2
219 2256 2
859 2441 2
5357 5558 1
3805 4881 2
507 2036 2
1917 4673 2
1112 2088 1
4132 4668 2
1173 2690 2
4053 4308 2
3881 5990 2
1593 4264 2
4430 5720 0
938 2413 2
292 3068 2
2034 4079 0
2401 4766 1
3452 4745 2
596 2139 2
1264 5402 2
258 1420 2
242 5968 2
3192 3547 2
375 4716 2
9 4229 2
2337 5927 2
4872 5344 2
2329 4414 2
2563 5132 2
1147 1385 2
2471 3427 2
4536 5391 2
2236 5797 0
1294 5038 2
1138 2992 2
2764 4041 2
1638 4112 2
719 2361 2
915 2087 2
265 2979 2
1308 3285 2
1375 4087 2
1676 2624 2
476 3548 2
371 1971 2
370 3855 2
1835 4204 2
480 5825 2
1352 3283 2
1397 5530 2
2468 3937 2
1405 1600 2
2394 3685 2
802 2162 2
1764 2470 1
2433 5344 2
1739 2624 2
5 1602 2
2829 5878 2
191 3541 2
2774 4435 2
5802 5959 2
1050 3891 1
1028 5368 2
2646 5123 2
2548 4070 2
880 5427 2
1607 2780 2
2078 4819 2
737 3762 2
4144 5195 2
1468 3500 2
2013 4916 2
963 3941 2
3281 5001 2
1571 5811 2
148 4759 2
1254 1651 2
2953 3390 2
3106 3387 2
402 2956 2
2840 3565 0
600 3572 2
592 3104 1
1827 4374 2
2289 2353 2
1058 1518 2
4281 5885 2
2539 3512 2
2165 5412 0
4557 5725 2
1282 2630 2
1253 3649 2
644 2846 2
682 5823 2
1632 4781 2
1703 3975 2
2144 4503 2
3158 5637 2
3695 3906 2
998 5394 2
1952 3906 2
4144 5195 1
1210 1559 2
1208 5417 2
1361 2775 2
3365 5722 2
1190 3926 0
2548 3026 2
1497 3581 2
3234 3397 2
3970 5127 2
4974 5159 2
342 2334 2
1480 2338 2
4039 5051 1
2957 3457 2
1315 1500 2
3288 3308 2
2055 2228 0
4853 5074 2
2437 4166 2
2320 5182 0
1498 4996 2
794 4274 2
1591 4461 2
1852 3708 2
112 1002 2
1655 5792 2
279 3765 2
2380 4622 2
593 2027 0
2114 3414 2
1462 3018 2
93 4507 2
2563 5252 2
512 1253 2
1034 5059 2
322 1159 2
3667 4735 2
1393 1412 2
4010 5287 2
4614 5176 2
3681 5711 2
0 4297 2
993 4608 2
2399 3877 2
4514 4669 2
400 3050 2
2220 2519 2
1351 5299 2
2567 4450 2
1962 2721 2
4797 5991 2
229 1638 2
40 891 2
275 3264 2
120 3711 2
4128 5329 2
514 4085 2
1984 5677 2
1390 2764 2
4111 5313 1
859 5580 2
1471 4420 2
620 2135 2
850 2974 2
1997 4164 2
4323 5866 2
1641 4409 2
1553 2615 2
213 944 2
627 958 2
550 4608 2
2518 3824 2
4812 4934 2
649 2355 2
1021 3765 0
2727 5889 2
4430 5720 2
658 5988 2
1440 2007 2
823 1385 1
2277 4369 1
1250 5831 2
1829 4490 2
3259 5129 2
3884 4061 2
4591 5829 1
727 5269 2
2337 3306 2
395 5547 2
1810 2916 2
2491 4534 2
414 3091 2
1741 2902 2
1841 2812 2
2579 5484 2
2674 4921 2
2396 5313 2
1850 2722 2
1379 3155 1
2309 3144 2
1928 5220 2
1437 2734 2
3873 5042 2
2588 5567 2
3122 5845 2
4876 5821 2
498 5501 2
16 226 2
769 2628 2
1272 5731 2
343 1472 2
3828 4677 2
920 1760 2
4334 4602 2
3367 5930 2
3707 5153 2
488 4157 2
4415 5423 2
684 1946 2
2195 4452 2
1073 5355 2
393 4431 2
860 2819 2
97 5014 2
3092 3961 2
1745 2943 2
1787 5866 2
598 3947 1
1145 3321 2
1346 2421 2
769 2087 2
1561 4496 2
3905 3914 2
72 4299 2
3312 4179 2
155 2274 2
615 3905 2
323 4717 2
416 1719 1
4575 5703 2
599 2633 2
4835 5605 2
597 5684 2
127 1991 2
1505 5783 2
3858 5682 2
2133 2810 2
2091 4080 2
1532 3680 2
1440 4685 2
3007 3971 2
1246 2815 2
2838 4501 2
1728 3745 2
5416 5727 2
611 1288 1
4390 4854 2
3725 5094 1
481 2044 2
850 1830 2
1898 4293 2
1984 4922 2
2509 4701 2
1269 4763 2
615 1149 2
1739 5228 2
4114 5513 2
3838 4719 2
1979 3359 2
3905 5863 2
71 2321 2
550 5279 1
712 3721 2
884 5365 2
4310 5267 1
1987 4004 2
1052 4726 0
2744 5371 2
3822 4502 2
172 2801 2
5471 5912 2
1453 4072 2
1910 2595 2
1954 3615 2
5204 5247 2
7 3826 2
178 3441 2
1741 4458 2
3329 5425 2
4602 5459 2
303 967 2
1602 3511 2
5387 5782 2
1375 3083 2
1754 4272 2
315 5453 2
2182 4115 2
3014 5160 2
1912 5985 0
2845 4692 2
1083 3360 2
4263 4563 2
1606 1717 2
601 799 0
387 4545 0
456 1531 2
387 1187 2
3040 3715 0
1523 3042 2
1393 3395 2
242 895 2
2946 3808 2
390 3351 2
1520 5147 2
3514 4497 2
4071 5138 2
685 1375 2
2549 4717 1
1136 5330 2
65 1683 2
3607 5295 2
1000 4439 2
1180 3828 2
666 1791 2
188 4863 2
2260 2526 2
1447 4933 0
1605 5414 2
1488 3215 2
3595 5332 2
2739 5304 2
2540 4959 2
818 5090 2
3319 3501 2
682 5117 2
4017 4634 2
3503 4960 0
2740 5630 0
1460 4190 2
2179 4982 2
1176 2853 2
819 3885 2
1343 5783 2
1848 4891 2
753 5657 2
3556 4383 2
923 4341 2
950 4417 2
2662 5223 2
2167 3307 2
1901 2145 0
1959 3594 2
3059 4640 2
2373 3258 2
1561 2644 2
5233 5262 2
332 4391 1
10 5305 2
1412 3480 0
384 4046 2
2361 5269 1
2106 3710 2
1200 1625 2
2999 5246 2
2643 5574 2
3125 3738 2
1869 5954 2
1990 5301 1
2117 4609 2
2712 5109 2
1955 4305 2
3435 4977 0
4578 5928 2
1050 3891 2
719 4966 2
3158 5637 0
153 941 2
1896 3253 2
3776 5588 2
2526 4564 2
3738 4741 2
787 5683 2
1157 5435 2
1601 4482 2
600 885 2
211 3642 2
1028 4580 2
1505 4579 2
2390 5728 2
2841 5118 2
1103 4818 2
2224 5594 2
1855 4221 2
1253 1879 2
1216 4034 2
875 2177 2
203 1459 2
5219 5919 2
3312 4741 0
2781 3822 2
764 2631 2
3981 4047 2
1946 3546 2
1585 4912 2
666 3504 2
923 2530 2
2997 5028 2
588 4694 2
5015 5068 2
2800 5850 2
3298 4839 0
743 4053 2
1858 3384 2
981 3476 2
4743 5218 0
287 5358 2
1014 5111 2
1723 3876 2
1858 2446 2
2811 2979 2
1493 3874 2
2990 5348 2
3957 4295 2
3516 5778 2
2070 3514 0
371 1971 1
1015 4207 2
2468 5683 2
2693 4736 2
624 4902 2
1060 5647 2
628 4122 1
3761 5882 2
3212 4564 2
365 3519 2
3541 5589 2
886 1301 1
2244 5394 2
1735 2665 2
4358 5119 2
1298 2996 2
3356 4657 0
2547 2911 2
3316 3577 2
2924 4630 1
3025 4852 2
308 3438 2
2952 3375 2
659 2846 2
2374 4361 2
646 5027 2
2452 4590 2
82 1342 2
2095 2689 2
803 1161 2
1311 2373 2
307 4699 1
5199 5491 2
2137 2999 1
3076 4191 2
2109 4294 2
990 5672 2
291 5217 2
1230 4217 2
278 5424 2
23 3546 2
1868 5836 2
1155 1701 2
81 4232 2
5181 5223 2
1873 5168 2
319 3400 1
3581 5553 0
983 3301 2
5513 5537 2
705 748 1
3033 4034 2
492 5912 2
2359 4634 2
1668 5540 1
1147 2757 2
996 1446 2
2519 4674 2
198 5603 2
4741 5686 2
3461 4517 2
4564 4756 2
1306 5311 2
1020 2333 2
451 2491 2
690 3584 0
295 2097 2
257 2484 2
746 4636 2
4926 5622 2
424 615 2
4438 4968 2
310 3856 2
1595 2845 2
681 1159 1
460 4750 2
158 3444 2
3480 5773 2
3706 5290 2
1911 5114 2
1212 2667 2
1640 3379 2
249 1939 2
862 3015 2
1310 3676 2
1469 1778 2
126 4202 2
4052 5026 2
807 868 2
695 3396 2
2377 2584 2
254 3831 2
3337 5404 2
2546 5496 0
1978 3489 2
3321 5019 2
3866 5377 2
304 5406 2
1824 3618 2
2311 3496 2
1396 2411 2
2271 2481 2
918 3201 2
4436 5501 2
563 4781 2
491 4350 2
4468 4792 2
1188 2268 2
3917 5484 0
1178 3897 2
5324 5512 2
2672 5054 2
3422 3883 2
4124 5322 2
160 3034 2
542 2436 2
4055 4727 2
2160 4788 2
2611 2626 2
2004 4003 2
606 4075 1
2451 5378 2
4495 4518 2
1376 5931 2
2529 4497 2
1562 4603 2
132 1278 1
255 5816 2
3756 5689 2
2088 3022 0
410 3112 2
1650 2652 2
1137 4987 2
2778 3988 2
1814 3316 2
334 2798 2
3616 3712 2
1365 4467 2
1158 3061 2
3373 5091 1
607 3900 0
3670 5427 2
5071 5159 2
1429 2855 2
5139 5284 2
3076 3264 2
493 4157 2
1048 5708 2
2161 4308 2
288 2438 2
494 4170 1
1560 5787 2
2592 3210 2
1304 5907 2
1964 3237 2
3904 5341 1
207 4774 2
1806 5530 2
206 4992 2
2728 4741 2
2711 3565 2
1177 3233 2
1154 4473 1
2766 4028 2
3791 5362 2
3463 4094 2
3533 4100 2
3426 5241 2
436 3598 2
1167 1678 2
446 3321 2
2300 2918 2
2335 5165 2
2719 2798 2
3586 3805 2
1430 5918 2
159 3990 2
655 2387 2
4954 5145 2
3120 5935 2
3031 4690 2
3724 3987 2
3705 5454 2
833 1325 2
3183 5182 2
4107 4453 2
2968 4013 0
370 4245 2
2140 4561 2
1840 5483 2
1394 3364 2
1590 2665 2
1094 2832 0
2518 4143 2
1837 5736 2
2288 3925 2
3623 3934 2
215 854 2
4328 4694 2
2235 2637 1
2303 3316 2
264 2106 2
1227 5897 2
1258 5772 2
37 3661 2
3028 3320 2
1351 1522 2
4012 5786 2
2140 3931 0
4196 5774 2
841 1446 2
1678 5559 2
2386 2488 2
1291 2040 2
481 2455 2
5633 5688 1
602 5810 2
358 3943 2
1322 4660 2
2125 3835 2
1270 3780 0
3216 4225 2
154 2300 2
1145 1363 2
1064 1897 2
4366 5386 2
3018 5243 2
3177 5076 2
1153 2711 2
2113 5357 2
3020 3345 2
1252 4589 0
1968 5686 2
826 1505 2
2739 2806 2
3148 3561 2
1130 2622 0
1525 5320 2
445 5752 2
1033 3640 2
4153 4535 0
5051 5525 2
5362 5851 0
2909 3146 2
2070 5408 2
1590 4499 2
601 1725 2
1445 4693 2
125 3847 2
3956 4722 2
712 2509 2
2365 3872 2
645 3934 2
2854 3351 2
4048 4418 2
986 4872 2
182 420 0
1942 4581 2
1099 4300 2
612 1369 2
2034 4545 2
3207 5046 2
3057 5022 2
462 4979 2
3441 4664 2
5323 5526 2
2615 3782 2
4213 4473 2
1807 1955 2
2960 3587 2
3199 5213 2
2546 3130 2
992 1216 2
838 2247 2
1356 4354 2
1831 3270 2
837 4880 2
2799 4645 2
2160 5903 2
2236 5373 2
2888 4134 2
5652 5711 2
1057 2922 2
5296 5409 2
446 1171 2
1804 2580 2
2331 3903 2
830 4056 0
3354 4217 2
1565 1912 2
1322 3326 0
1633 2115 2
756 4567 1
3475 4551 2
4633 4920 2
781 4030 2
4259 4830 2
3461 4143 0
371 1412 2
3220 5926 2
2046 3581 2
3100 5206 0
352 2248 2
1172 4815 1
1892 3552 1
346 5448 2
2711 3463 2
397 3774 2
422 1383 2
2047 2773 2
736 5432 2
561 2421 2
1522 4877 2
1038 2401 2
1806 2241 2
3650 5413 2
3250 4846 2
926 5611 2
2455 5622 2
1667 5122 2
1556 4939 2
101 4223 2
1887 3208 2
736 5594 2
1136 5330 1
1105 5158 2
924 1026 2
4887 5005 2
1847 2810 1
1403 2018 2
2757 3673 2
4233 4391 2
3004 5415 2
1890 3328 2
2010 3378 0
3440 3936 2
2792 5157 2
2141 2598 2
2526 3130 2
4476 5593 0
2225 4019 2
3556 5513 2
1615 5872 2
723 4849 2
2510 5614 2
750 915 2
1644 4675 2
3009 3281 1
2872 4343 2
1909 3316 2
1567 1716 2
429 5626 2
366 4337 2
1557 5132 2
556 5206 2
2922 3725 2
534 5378 2
1999 5172 2
2792 4586 2
4158 5365 2
1544 2268 2
2749 2882 2
3814 5517 2
5009 5169 2
528 2800 2
3103 3621 2
1254 4433 2
3065 5049 2
2035 4140 2
637 3240 2
3783 5143 0
3092 5050 2
1782 2955 2
451 4718 2
135 3211 2
1179 4513 2
4872 5344 0
2114 4418 2
2985 3779 2
2793 4532 2
144 2035 2
1771 3048 0
69 1269 2
3887 5218 2
1816 3576 2
1168 4318 2
4 2925 2
373 2179 2
1553 4873 2
4656 5477 2
2783 4378 2
5277 5416 2
4332 4538 2
4544 4983 2
466 3875 2
3147 4931 2
769 1995 2
1620 5526 2
283 5141 2
2568 5126 2
2128 5492 2
874 3555 2
4471 5061 2
2993 5577 2
3992 4395 2
1281 3678 2
448 4018 2
2259 5106 2
1681 2009 2
628 4209 2
515 2549 0
4244 4552 2
4030 5475 2
1744 5750 2
1757 2889 2
2822 3018 2
272 3337 2
3576 4026 2
270 296 0
2995 5874 2
1015 1097 2
56 2011 2
902 1029 2
2506 4786 2
2892 4015 2
1838 5531 2
920 4035 2
582 5014 2
1984 2432 2
2743 5171 2
663 1534 2
1558 5120 2
470 5479 2
1162 3898 2
1554 4049 2
582 1466 2
4919 5012 2
841 1763 2
116 3808 2
553 2480 0
973 4587 2
3704 3795 2
1113 2566 2
1895 4081 2
649 2355 0
315 2404 1
3022 4012 2
4717 5906 2
980 3230 2
70 514 2
689 4191 2
3180 3698 2
2695 4122 2
4547 5443 2
2627 5653 2
2449 5913 2
1333 5706 2
2862 4261 2
1636 5064 2
1916 4879 2
4926 5622 1
390 3351 0
260 5415 2
222 5423 2
930 3591 2
922 942 2
165 3055 2
1788 2572 0
11 4455 1
1324 2427 2
853 5397 0
2959 3028 2
3741 4145 2
372 1058 2
550 5279 2
2282 4860 0
1978 2484 2
5381 5961 2
250 1278 1
431 3282 2
777 2751 2
51 1872 2
2767 5045 0
3286 3343 1
3487 5999 2
4428 5768 2
714 2660 2
239 5730 2
2151 4074 2
3527 5900 2
1486 4646 2
238 2901 2
2359 4634 1
3402 5993 2
317 4485 2
65 1683 1
5303 5642 2
3076 5889 2
882 4726 2
2108 3440 2
1618 5835 2
1470 2456 0
724 5842 2
742 1267 2
1389 5698 2
2234 2579 0
4141 5091 2
1747 2307 2
909 4186 2
3916 5244 2
2840 3565 2
2606 5551 2
1988 5994 2
4847 4940 2
712 5646 2
392 5554 2
3907 4225 2
2516 3448 2
483 1234 2
8 5608 2
1906 5973 2
2662 5223 0
176 690 2
2309 2485 2
5871 5891 2
3197 5156 2
1586 3387 2
18 5285 2
2107 4957 2
1433 4290 2
3206 5627 2
686 2915 2
2571 3461 2
3664 5213 2
391 4846 2
1608 5014 2
299 2736 2
1825 2389 2
1310 5132 2
307 1589 2
1957 2475 2
3003 3272 2
489 2418 2
1329 5667 2
1585 2180 2
1576 2786 2
2590 4000 2
530 2066 0
1444 2440 2
2359 5627 0
1515 1522 2
2347 4515 2
3476 4960 2
1215 3827 2
1110 1402 2
3824 4148 2
1163 3744 2
620 2890 2
1319 4668 2
2795 3231 2
2243 4344 2
1019 4250 2
2933 4674 2
1327 3867 2
2610 3631 2
1734 3367 2
1784 5837 1
2607 3321 2
454 3792 2
3249 3951 2
5237 5596 1
282 5898 2
2804 5067 2
2881 4538 2
148 2219 1
4032 4194 2
3142 5080 2
2553 5365 2
3565 5157 2
1088 1118 2
2703 5669 2
2463 2862 2
3593 5190 2
194 1915 2
1718 4434 2
345 5004 1
2405 3732 2
140 4843 2
4157 5749 2
4202 4892 1
4047 4622 2
2291 3710 2
3659 5620 2
573 5422 0
1049 5846 2
2116 3284 2
4504 4568 2
2826 5095 1
2030 5949 2
4022 5480 2
1357 3696 2
2916 4007 2
2648 5059 2
1891 2939 2
1094 2703 2
451 3735 2
1553 3271 2
2030 3994 2
1840 4360 2
786 2280 2
1424 5431 2
1628 5556 2
3126 4243 2
2741 4916 2
2889 4483 2
2111 2961 2
3826 4769 2
2556 3587 2
4228 4730 2
1273 2078 2
199 690 2
270 1670 2
4076 4826 2
5133 5666 2
2545 5129 2
4897 5945 2
399 4226 2
1135 5207 2
1501 2109 2
1788 2572 2
198 1664 2
669 2458 2
297 4195 2
989 3337 2
2750 4475 2
973 4587 0
165 3287 2
2018 2190 2
5313 5909 2
2535 5367 2
1154 5701 2
57 5962 2
836 4428 2
1371 5710 2
2164 2338 2
2305 5222 2
1955 3250 2
2316 4661 2
4555 5876 2
351 5066 2
1665 1795 2
1633 5081 2
2735 5343 0
1525 2461 2
866 3978 2
2908 2955 0
4319 5987 2
2057 4597 2
3473 4960 2
482 1931 2
683 3848 2
2184 2882 1
3048 4171 2
919 5618 2
2816 5972 2
1618 2628 2
2544 4520 2
2359 2542 2
1912 5985 2
1045 2069 2
2306 5056 2
1260 2357 2
2046 4840 2
533 1095 2
634 2755 2
524 2780 1
548 4092 2
428 2365 2
2422 2660 2
2257 5558 2
1914 4865 2
3788 4365 2
3797 4268 1
1337 1690 1
1396 5342 2
751 3489 2
3788 3848 2
4473 5476 2
5731 5803 2
1554 2297 2
4813 5779 2
1591 5180 2
4057 5173 2
2431 5195 2
4458 5257 0
4002 4875 2
2267 3046 2
2310 2610 2
132 4971 2
615 3905 1
676 2709 2
305 1513 2
1183 4217 2
2285 4074 2
3159 4657 2
189 3709 2
646 4739 2
218 3495 2
898 5227 2
3505 4182 2
1800 2258 1
3555 5894 2
4573 5142 1
3641 4899 0
44 2048 2
2253 2685 2
1245 2549 2
484 4952 1
283 393 2
699 777 2
3744 5172 2
2277 4369 2
5024 5565 2
926 4291 2
874 4703 2
3231 5623 2
3090 3546 2
509 1527 2
3271 4131 2
474 1163 2
2206 5216 2
3904 5341 2
2229 4795 2
394 4500 2
1510 5364 2
583 4730 2
2578 3584 2
316 3927 2
3958 5061 2
3007 4152 2
3108 5688 2
3863 5606 2
1196 5551 2
791 3710 2
610 1839 2
394 5417 2
870 4051 2
922 1881 2
2002 2017 2
1683 4839 2
3544 3819 2
2124 5435 2
694 2053 2
1729 5866 2
592 3104 2
1834 4665 2
411 3711 0
959 2788 2
239 1220 2
452 4238 2
1773 5644 2
1150 4744 2
4730 5959 2
2679 5643 2
3990 5163 2
2571 4831 2
4022 5365 2
1725 5470 2
2251 4587 2
2215 5251 2
1455 3434 2
846 3585 2
1104 1712 2
2541 5777 2
36 5742 2
2337 5927 1
943 2161 2
3369 4205 2
2173 5584 2
680 2773 0
2215 3983 2
1710 2323 2
1267 4310 2
770 3120 2
4079 5915 2
3399 4035 2
2446 5717 2
4836 5375 2
1736 3876 2
2942 5705 2
530 5614 2
1012 3775 0
2549 4717 2
4486 4599 2
1605 1871 2
162 958 2
2812 3674 2
3035 5165 2
2739 3070 1
1663 5287 2
582 4219 2
3167 3571 2
241 4889 2
1719 4671 2
3890 4364 1
862 4011 1
332 4391 2
1528 2666 2
639 4350 2
5034 5116 2
925 1911 2
86 3024 2
5621 5795 2
692 3743 1
3562 3566 2
1685 2968 2
530 2066 2
1569 2342 2
78 3387 2
2137 2999 2
66 5001 2
1047 5231 2
1415 3417 2
753 2710 2
720 2752 2
174 739 2
2090 4004 2
3609 5197 2
2570 5352 2
3007 5165 2
610 2837 2
693 5936 2
4318 5773 2
3383 4390 2
105 2870 0
1633 3942 2
3731 4676 0
3705 5222 2
1735 3142 2
184 3607 2
831 3173 2
272 4587 2
2210 2875 2
2290 3002 2
1069 1205 0
4919 5012 0
806 4403 2
860 2819 1
2644 5415 2
1713 3754 0
3771 4137 2
1092 1840 2
1165 2977 2
2120 3444 2
899 5467 2
1234 2075 2
102 1366 2
1660 2483 2
2530 5541 2
2620 5009 2
2099 5556 2
2458 2526 2
1393 4903 2
3325 3732 2
1333 5117 2
1681 5895 2
2161 5640 2
3768 4775 2
495 3917 2
785 5237 2
1881 3537 1
815 3162 2
1287 5520 2
2010 3378 2
3328 4579 2
479 4780 2
299 473 2
852 5485 2
734 2891 2
690 1904 1
1173 2690 1
856 4822 2
2898 4121 2
3149 4852 2
2093 5822 2
2584 3754 0
754 4286 0
26 4368 2
2032 2579 2
1367 5319 2
2111 5512 2
434 1771 2
2410 3580 2
2175 2232 2
1439 1460 2
1534 1807 1
4322 4970 2
509 1461 2
4190 4333 0
207 2012 2
3471 3770 2
1509 3845 2
127 615 2
1044 3223 2
766 1035 2
3111 3738 2
1186 4319 2
2246 4913 2
3128 4270 2
1019 4250 1
1437 2734 1
1231 2781 0
700 3663 2
2848 3925 2
1497 3581 1
2026 4361 2
2994 3257 2
886 1301 2
572 2498 2
2305 5222 1
2854 5167 2
3419 4175 2
3009 3281 2
442 3529 2
3550 4768 2
4039 5051 2
189 569 2
1403 2943 2
5493 5649 2
3168 5922 2
3065 4904 2
2945 3642 2
2214 4063 1
400 2103 2
4260 4331 2
397 2840 2
256 2770 2
45 2192 2
4742 5506 1
1001 1318 2
2236 5797 2
772 1788 2
1957 5719 2
594 2010 2
1792 3786 1
346 5285 2
1785 3424 2
1621 4266 2
1651 2350 2
1735 5420 2
3282 5529 1
3076 5603 2
2108 3027 2
1754 3642 2
1969 4596 2
1322 4304 2
557 2393 2
879 5645 2
438 1504 2
2026 3564 2
545 2892 2
1326 2768 2
777 3756 2
4205 5522 2
2681 4816 2
1110 4952 2
5204 5700 2
3241 4075 2
1451 5320 1
995 3962 2
2576 4108 2
2619 4428 2
3918 4535 2
3581 4240 2
4744 5795 2
599 5391 2
1966 3227 2
1590 4499 0
626 5064 2
1505 3655 2
1498 5525 2
2079 5336 2
1764 2079 2
4408 4772 2
230 1851 2
4104 4265 2
1710 2012 0
300 3478 2
2153 5274 2
450 4306 2
3233 3368 2
368 2743 0
4281 4350 0
1211 4606 2
3146 5690 2
965 2165 2
4832 5450 2
31 1111 2
1320 4736 2
869 5353 2
1601 1937 2
175 4262 2
2029 5830 2
1042 2101 2
519 5291 2
1530 2588 2
1857 4803 2
2174 5621 2
3941 5907 2
2718 3734 2
836 4428 0
770 2643 2
72 736 2
4459 5360 2
1178 2273 2
2253 4212 2
878 5288 2
3186 3309 2
1229 4396 2
2698 3152 2
509 1125 2
1874 3279 2
2584 5108 2
3133 5766 2
4056 4610 2
3150 3289 2
426 4040 2
1821 4868 2
1696 2594 2
287 1664 2
4965 5836 2
638 5693 2
1004 3805 2
2915 3152 2
379 5109 2
1168 2541 2
2799 5101 2
2223 3803 2
4469 5194 2
1696 2917 2
1399 5286 2
15 3412 2
2231 2317 2
4624 5739 2
2994 3606 2
226 3517 2
1578 3406 2
3828 5112 2
635 5540 2
4064 4215 2
1712 3337 2
1359 1805 1
2088 3022 2
1098 3359 2
1925 2181 2
427 2290 2
3287 4931 2
1162 4167 2
4366 5095 2
1479 3431 0
2416 3503 2
717 2677 2
501 1082 2
220 4089 0
322 3318 0
1000 5385 2
1663 3046 2
5013 5712 2
4275 4958 2
2735 5343 2
2977 5300 2
3014 5627 2
771 4699 2
3433 3981 0
2250 5227 2
3938 5506 2
1281 2914 2
262 680 1
3026 5526 2
1004 3805 1
144 1681 2
210 2839 2
1975 3557 0
455 4372 2
2711 3450 2
1406 4791 2
476 3935 2
3221 3415 2
1638 3815 2
4691 5538 2
2795 2809 2
1422 5272 2
2703 3779 2
3009 3012 2
2284 4898 2
2581 3951 2
4312 4585 2
1072 3641 2
3406 4107 2
1908 2599 2
2146 2664 2
2948 4039 2
1182 1242 2
4531 4808 2
2277 3318 2
4050 5015 2
5109 5664 2
5686 5891 2
1249 5161 2
3568 4050 2
168 1032 2
3151 3409 2
4169 4802 2
4870 5001 2
312 3641 2
3658 5718 2
763 4464 2
121 2795 2
3079 4685 1
1247 4764 2
600 2156 0
889 1658 2
805 4941 2
2093 3734 2
307 4699 2
1294 5038 0
3017 4937 2
386 4450 2
670 5751 2
2521 4738 2
366 4590 2
2489 4830 2
587 1440 2
338 5035 2
1535 1651 2
2754 4844 2
2355 5537 1
247 4225 2
2598 4995 2
4471 5061 1
524 654 0
3143 4798 0
1557 2071 0
1172 5043 2
2039 5803 2
1554 4139 2
1335 4325 2
1033 3731 2
2747 2886 2
1069 1205 2
470 2430 1
305 3726 2
2222 5476 2
1395 3825 2
4024 5578 2
2829 5878 0
552 662 0
2187 4600 2
448 5929 2
4742 5506 2
707 3041 0
3148 4841 2
2844 4869 2
2206 2676 2
823 3462 2
919 3373 2
1530 4784 2
2385 5286 2
605 4988 2
211 3506 2
1193 2909 2
337 1261 2
552 1790 2
3253 5859 2
2064 3244 2
1248 2836 2
1721 2367 2
19 4626 2
636 3895 2
663 2362 2
249 2036 2
4169 5626 2
5258 5741 2
1419 3472 2
1143 2261 2
1070 3313 2
1461 2832 2
392 5082 2
3411 5004 1
3459 5155 2
4968 5915 2
5507 5812 2
3394 4703 2
529 4967 2
618 3783 2
3187 4227 1
1284 3067 2
3107 3391 2
3045 5797 2
4468 5818 1
3013 3719 2
2980 3763 2
1040 2621 2
2976 3200 2
5214 5783 2
319 1992 2
3925 4447 2
847 4511 2
2025 4232 2
1523 3323 2
2731 5186 2
1148 1864 2
2825 4371 2
1426 4062 2
2816 4028 2
2233 3313 2
1387 2145 2
449 2725 2
41 502 2
1587 3147 2
5236 5624 2
1004 4798 2
1095 2919 2
1085 5680 2
520 2479 2
790 4719 2
801 4628 0
1729 5179 1
97 2250 2
756 5375 1
3077 5070 2
1381 5604 2
667 1619 2
1997 4647 2
2765 5704 2
463 3334 2
3938 5795 2
4268 4494 2
611 5362 2
22 245 2
1431 3689 2
699 5001 2
4134 4154 2
2609 3178 2
2050 4424 2
183 1072 2
2685 4963 2
4585 5458 2
829 4900 2
2977 5318 2
4492 4521 2
4001 5924 2
548 3712 2
521 4726 2
3572 4586 2
2366 4389 2
1259 4906 2
1334 3822 2
4870 5001 0
340 3835 2
619 5001 2
2011 4333 0
1551 1732 2
1781 2798 2
3545 3943 2
579 2479 2
43 2678 2
222 514 2
1340 2191 2
395 2202 2
4627 4672 2
2055 4850 2
1133 1356 2
420 1188 2
1154 4473 2
3518 5971 2
1469 2963 2
1111 4601 2
1009 3381 2
3460 5496 2
1135 4944 2
1109 2384 2
368 2743 2
2063 4535 2
1823 2965 2
1145 3332 2
3251 4715 2
1019 3223 2
1519 4699 2
5366 5431 2
3394 4703 0
2281 4933 2
3290 4081 2
2201 5120 0
1587 4813 2
268 3892 2
1865 3220 2
3058 4829 0
1607 3194 2
197 1194 2
3752 5942 2
5883 5923 2
1798 5317 0
483 5059 1
1602 4905 0
4673 5255 2
2141 4061 2
1047 1460 2
2225 3530 0
669 5791 2
1881 3537 2
2700 5809 2
351 5740 2
1650 2459 2
1622 1825 2
3480 5356 2
878 3900 2
231 3407 2
4197 5487 2
438 3642 2
817 3136 2
2214 4063 2
4202 4892 2
3712 4603 2
4037 5459 2
1960 3310 2
397 2014 1
2398 5681 2
3454 5707 2
280 5166 2
574 3799 2
1116 2552 2
484 2619 2
1873 4020 2
761 5936 2
1607 4844 2
2684 4226 2
73 5048 2
2794 3405 0
1230 4217 0
1011 3842 2
1263 3886 2
2794 3405 2
2036 3051 2
3136 5962 2
4002 5511 2
2420 3796 2
158 4311 2
3041 3052 2
5545 5649 2
1231 2075 2
1192 5094 2
132 969 2
4259 5549 2
3660 5438 2
3472 3488 2
1622 4108 2
461 5710 2
2381 5065 0
771 4570 2
1836 5889 2
4558 4688 2
103 4823 2
2046 2844 2
3691 4539 2
872 1316 2
82 2454 2
3944 5707 2
2188 2580 2
48 759 0
5171 5887 2
907 5706 2
4587 4725 2
1974 3278 1
839 3986 2
4489 4535 2
3529 3998 2
3127 4453 2
2245 2965 2
3370 5525 1
1485 2181 2
3066 4783 2
740 4622 0
2706 4066 2
4438 5983 2
1224 2672 2
1280 5227 0
2098 4038 2
2215 3477 2
2272 2791 2
209 2860 2
2648 5059 0
2722 3197 2
2991 5480 2
1133 2312 2
2082 5896 2
2169 4212 2
727 4330 2
2234 3919 2
3429 4833 2
402 4949 2
975 5553 2
1367 4208 2
5539 5598 2
652 5801 2
1801 2358 2
3750 3874 2
3182 5203 2
578 3276 2
251 2762 2
2879 5142 2
505 980 2
2194 2547 2
4176 5092 2
2641 5651 2
946 3791 2
2826 5095 2
3243 5945 2
497 4325 2
4432 5692 2
2845 3225 2
92 4984 2
1528 1863 2
745 2916 2
2219 3033 2
418 3708 2
1598 1681 2
2224 2527 2
3562 4032 2
2494 2989 2
1076 3536 2
2067 3452 2
134 352 1
2574 4156 2
536 4680 2
12 4565 2
3725 5943 2
1856 3630 2
2610 4168 2
2035 5639 2
2777 5611 2
1427 2785 2
233 4973 2
348 3014 2
1494 4486 2
1971 4174 2
3019 3569 2
3878 5222 2
1850 4755 2
1431 5219 2
1981 5799 2
1827 3278 2
397 2014 2
3022 4012 0
4381 4708 2
3706 4930 2
2487 5352 2
1989 3579 2
598 3947 2
1809 3044 2
2850 5435 2
3200 5507 2
33 1856 2
1207 3773 2
56 97 2
1845 5123 2
1013 2914 2
2234 5471 2
3259 5891 0
3818 5411 2
3303 3893 2
976 4812 2
1938 3732 2
615 2314 2
906 4560 0
3157 4512 2
382 4021 2
1189 5757 2
1568 4471 2
2208 3035 2
2989 4495 2
2646 4400 2
915 2282 2
2946 3291 2
2171 2336 2
849 1864 2
3300 5252 2
443 1157 2
3388 4341 2
1241 5405 2
246 1691 2
613 3649 2
365 4288 2
833 1816 2
294 606 2
77 1221 2
404 3562 1
1325 1998 0
4623 4817 0
1246 2997 2
2716 3996 2
2340 5186 2
2742 4635 2
2858 5995 2
844 4273 2
2723 5314 2
2968 4013 2
3702 5784 2
4824 5351 2
1848 5335 0
1817 3791 2
267 3843 2
451 2401 2
586 4929 2
311 5171 2
3876 5015 2
2410 5289 2
247 4225 1
4378 5282 2
1869 2702 2
2194 5848 2
597 4764 2
2007 5684 1
473 4541 2
835 1841 2
569 779 2
789 1429 2
767 4598 2
2652 3169 2
810 1731 2
310 2143 0
726 1681 2
1148 3409 2
4462 4881 2
949 2940 2
979 1584 2
959 1217 2
2559 4845 0
329 4859 2
3844 4098 2
818 4339 2
1894 3315 2
225 3340 2
3875 4642 2
3265 3864 2
4545 5636 2
279 5320 2
5393 5922 2
366 5444 2
1481 4020 1
3299 5740 2
446 4260 2
214 2368 2
3836 5900 2
2051 5584 2
2962 5348 2
307 5017 0
3407 4599 2
1784 5996 2
1048 3729 2
2100 2249 2
3396 4863 2
3193 4260 2
784 3992 2
1713 3207 2
131 2505 1
2316 2330 2
577 4315 2
212 4401 0
220 4089 2
4210 4913 2
138 222 2
50 4191 2
3009 3012 0
886 2139 0
2242 2287 2
307 2607 2
2182 2904 2
2801 5902 2
5077 5431 2
805 3909 2
2385 3702 2
113 2637 2
1496 4799 2
88 2905 2
269 1010 2
1013 5889 1
4850 5808 2
274 4158 2
1479 3431 2
3993 5068 2
2215 4301 2
1860 2843 2
1930 5330 2
630 5233 2
1245 1674 2
4109 4928 2
1018 5599 2
2110 3538 2
4459 4669 2
994 2767 0
4726 5453 2
2185 5796 2
1143 4886 0
1473 1850 2
713 1025 2
1522 3170 2
2632 4516 2
821 4479 2
678 3677 0
2089 2428 2
451 3539 2
520 783 2
1691 2184 0
5324 5418 2
506 5201 0
3272 3991 0
1784 3179 2
21 2293 2
1157 5435 0
4477 5314 2
333 503 2
720 3590 2
324 3751 2
2558 3855 2
1326 2122 2
19 4626 0
2352 4179 2
1383 4585 2
570 4132 2
549 1039 0
3963 5122 2
634 5535 2
466 2208 2
991 2978 2
4385 4997 2
339 5136 2
2500 3363 2
69 2836 1
2415 2804 0
2098 2611 2
675 5363 2
1525 3660 2
349 3385 2
1307 1514 0
1926 5383 2
755 3078 2
459 2947 2
358 1280 2
595 4657 2
1450 2775 2
3650 4378 2
1844 5124 2
437 4259 2
500 5010 2
1165 2882 2
1128 3423 2
3017 3164 2
1622 1825 0
1700 3908 2
1208 5144 2
121 4385 2
2633 5191 1
478 2015 2
3553 4156 0
2132 4331 2
32 4384 2
1123 1841 2
2456 5636 2
166 1156 1
2731 5264 2
4560 5242 2
593 1563 2
924 3280 2
2457 4591 0
364 1003 2
1082 4252 2
4666 5730 2
2088 2469 2
1888 4732 2
1740 2836 2
711 5993 2
3830 4776 2
3084 4139 2
4798 5187 2
4152 4391 2
2401 4766 2
1529 1751 2
2693 3125 2
2859 5087 2
1410 5719 1
1269 4258 2
3088 4738 2
4261 4832 2
4298 4604 2
960 5723 2
3431 4059 2
796 1966 2
4150 5156 2
660 3761 2
504 5509 2
2422 4082 2
2498 5000 2
716 2996 2
2786 5435 2
533 4538 2
1737 4504 2
1881 3939 2
4153 4429 2
1494 5030 2
1077 3015 2
1503 3874 2
713 4593 2
4057 5993 2
41 5932 2
2007 5684 2
2894 5998 2
2828 5075 2
309 2153 2
4917 5871 2
1855 4737 2
759 5538 2
3526 4470 2
3970 4711 2
3004 3114 2
140 699 2
67 1539 2
949 5497 2
2564 2647 2
114 4118 0
53 4587 2
1778 3113 2
769 5883 2
2781 3822 1
3740 5067 2
2835 5090 2
2642 5134 2
935 1107 2
2143 2691 0
2112 2516 2
2290 5585 2
126 3797 2
719 3271 2
927 5098 2
1698 4705 1
1745 2895 2
1812 1975 2
816 2062 2
3763 5432 2
111 2382 2
2038 4807 2
1667 4567 2
2261 3009 2
4787 5522 2
501 2299 2
2739 2806 0
544 5938 2
1788 4006 2
1974 3278 2
129 1208 1
187 2254 2
5104 5406 2
68 5937 1
2864 4100 1
1185 5397 0
3665 5211 2
3686 4705 2
765 2690 2
1082 4092 2
1348 2961 2
1479 4511 2
3674 4099 1
2222 5476 0
4441 5611 2
3549 5041 2
4305 5151 2
1495 3086 2
3956 4946 2
1021 5933 2
234 5326 0
3139 3349 2
952 4323 2
1920 4466 1
4623 4817 2
3642 5682 1
1367 5319 1
119 951 2
2086 3902 2
160 2740 2
3683 4978 2
2026 4361 0
3395 3534 2
5208 5570 2
5046 5758 2
2454 3750 2
4749 5644 2
2292 5775 2
1140 1975 2
1025 1345 2
2887 3541 2
62 2246 2
459 1116 2
4802 5433 2
1696 5191 1
264 2201 2
4030 5475 1
2542 5060 2
1198 2531 2
1107 5473 2
4554 5502 2
726 3824 2
1263 4488 2
2613 3896 2
90 1521 2
803 2546 2
1338 5948 2
1477 3804 2
153 5259 2
2700 4035 2
1765 2176 2
3346 4530 2
367 3807 2
2427 4494 2
1327 5909 2
1843 1903 2
414 1406 2
357 1210 2
1943 2131 2
51 4610 2
3192 4617 2
2316 2330 1
954 4299 2
1315 3139 2
36 1545 2
2680 4571 2
1848 5107 2
1689 5795 2
2997 3005 2
1270 4791 2
1805 4357 2
206 4075 2
563 4606 2
2746 4987 2
1071 2207 2
2476 3502 2
1788 1990 2
515 2549 2
42 2794 2
1269 4243 2
2562 4914 2
2 310 1
867 5921 2
330 2490 2
4641 5087 2
1307 1514 2
1336 1424 2
229 1943 2
5421 5768 2
3060 4251 2
3224 4132 2
3024 3772 1
917 1945 2
398 3332 2
2250 3970 2
3831 4386 0
2623 4549 2
1476 5149 2
3812 4410 2
3570 4403 2
3040 3715 2
122 1583 2
2657 4367 2
3869 5363 2
1188 2395 2
878 3900 0
1077 5723 2
239 2935 2
6 1740 2
2517 4248 2
577 4504 2
2633 5408 2
3447 4958 2
3368 5523 2
1301 1498 2
967 4773 2
1643 2098 0
1698 5374 2
4943 5134 2
3818 4465 1
2563 5132 0
1024 3877 2
3006 5815 2
3762 5423 2
1744 2074 2
901 3250 2
2899 3124 2
3786 4335 2
2149 3882 2
1604 3516 2
1192 5788 0
647 1773 2
430 2526 2
949 4142 2
2623 4790 1
1017 2274 2
2191 5681 2
468 4721 2
1284 2741 2
427 4629 2
4434 5150 2
2505 2994 2
4627 4964 2
1458 2522 2
241 4457 2
2108 2813 2
4298 4600 2
4096 4790 2
2295 5761 2
2079 5336 0
93 4507 0
186 5422 2
3039 5776 2
920 4035 0
4707 5109 2
3833 5574 2
2902 5387 2
1616 3410 2
2805 4870 2
1737 2277 2
1898 5572 2
134 5884 2
2929 3507 2
1039 5812 2
5474 5488 2
291 482 1
2610 4590 2
3763 4884 2
512 1730 2
795 2232 2
327 4018 0
4528 5499 2
1047 3150 2
2363 4889 2
1506 2931 2
2993 4629 2
611 1288 2
2412 5396 2
1982 2498 1
2119 4246 2
2500 3389 2
652 2238 2
2080 2749 2
1862 5257 2
2110 3538 0
1533 5765 0
1445 3785 2
2823 4703 2
1300 3455 2
292 3830 2
2219 2550 2
1509 4933 2
2147 3820 2
2984 4225 2
3475 5460 2
4942 5203 2
523 1931 2
2661 4509 2
1605 5841 2
2330 5226 2
2818 4620 2
3034 4638 1
3503 4960 2
280 5461 2
2037 3322 2
5114 5671 2
2591 3905 2
2060 4605 2
1335 4542 1
1204 4253 2
1843 4620 2
720 3650 1
300 3953 2
492 3319 2
1442 1593 2
3831 4386 2
4190 4333 2
375 5695 2
1046 3461 2
2477 5748 2
4255 5126 2
2563 3348 1
2590 4621 2
294 3774 2
704 4605 2
2121 2859 2
732 2573 0
1709 3478 0
78 3041 2
3610 4472 2
2849 5793 2
36 4142 2
2809 5142 2
1279 3754 2
1643 2440 2
47 4583 2
2888 4134 0
3200 3417 1
3242 5017 2
3129 4444 2
820 2824 2
712 1542 2
1023 1674 2
1348 1358 1
695 2149 2
720 3650 2
1125 1256 2
3082 5975 2
235 4353 2
2189 4048 2
2589 4965 2
355 3087 2
1799 2117 2
212 4542 2
2696 4286 2
140 5854 2
1056 5497 2
164 1654 2
1561 5443 2
98 1015 0
2203 5071 2
1096 5422 2
1543 4812 2
642 3335 2
625 3321 0
1045 2069 1
707 3041 2
1041 3960 2
3338 5395 2
5266 5912 2
144 1681 0
54 1473 1
1595 3465 2
377 460 1
1 2318 2
3495 4552 2
3693 5450 2
416 4067 2
1702 5258 2
40 255 2
382 1978 0
4228 4730 0
458 3413 2
1202 5210 2
3911 4860 2
3249 3524 2
679 4710 2
2323 2538 2
4103 4112 2
4257 5735 2
2240 2242 2
1463 1489 2
635 5516 2
5 961 2
114 4118 2
2569 5916 0
4127 5829 2
3255 4421 2
876 3806 2
4600 5639 2
4232 5847 0
1698 4705 2
2936 4109 2
3561 5143 2
148 2219 2
1777 3621 2
5126 5847 2
3462 3518 2
4153 4535 2
388 3782 2
3727 4604 2
598 5997 2
898 1937 2
3123 3363 2
915 5555 2
2285 5090 2
1826 5604 2
1420 2552 2
275 4663 2
2729 3325 2
3134 5489 2
2362 3669 2
3442 4440 1
435 2530 2
3185 5888 2
678 3677 2
1354 2143 2
2878 5437 2
2958 5375 2
2157 5411 2
1192 5788 2
1977 1993 2
1062 5138 2
3417 4450 2
3734 5630 2
1666 5561 2
15 5492 2
52 1314 2
4885 5892 1
1213 5564 2
19 5234 2
444 4135 2
2568 5309 2
538 3268 2
2559 5694 2
862 4011 2
778 5986 2
2410 2827 2
2526 4564 0
1009 5945 2
4022 4161 1
859 1721 2
721 1022 2
1957 2551 2
3232 4840 2
5340 5649 2
955 2423 2
2567 5840 2
433 4851 2
2167 3040 2
1587 1694 2
5059 5867 2
2430 4014 2
1666 2871 2
3849 4115 2
850 3470 2
1226 2174 2
1082 3850 2
2635 2907 2
1842 1866 1
4817 5244 0
892 5183 2
1585 2879 2
1576 2893 2
776 1828 2
351 4700 2
4956 5147 2
1292 4042 1
3618 4144 2
2362 2521 2
1672 5910 2
1445 2872 2
1722 2594 2
1175 4007 2
1172 2419 2
1904 3629 2
1635 2758 2
4816 5992 0
2628 5623 2
573 5422 2
3720 5764 2
3085 3241 2
1984 2432 1
3540 3582 2
3014 4252 2
1620 2091 2
212 4401 2
525 4287 2
3687 4460 2
75 5003 2
1003 4957 2
1124 5680 2
2290 3591 2
2147 3444 2
2632 5737 2
1287 5515 0
2839 3457 2
2699 4546 2
1468 3500 0
2780 5760 2
2976 5650 2
1348 1358 2
2743 3191 2
731 3231 2
976 1441 2
3522 5738 2
2798 4005 2
3560 4449 2
5120 5179 2
3500 4804 2
2024 4532 2
156 4762 2
2588 5567 1
2863 3355 2
715 3941 2
3437 4817 2
271 3948 2
4271 5150 2
3235 3538 2
2990 5139 2
825 3391 0
3354 4862 2
332 5686 2
2051 2584 2
2364 5316 2
3609 3953 2
2656 3778 2
3022 4635 2
2034 4445 2
3375 5702 2
886 2139 2
535 2665 2
1303 4089 2
2320 4880 2
4327 4932 2
168 3461 2
850 3130 2
20 1878 2
3839 4719 2
1137 2524 2
1065 1368 2
5053 5075 2
3769 4110 2
1249 1592 2
1520 2593 2
2467 3221 2
3593 5675 2
862 5055 2
751 5348 2
2460 4840 2
2841 4732 2
3107 3897 2
1870 2494 1
922 2239 2
1053 4944 1
503 5141 0
3827 4356 2
607 3772 2
2229 3344 2
446 3420 2
4519 5856 2
367 3997 1
690 1904 2
5061 5066 2
3564 4127 2
1686 2674 2
1331 3338 2
2435 3964 2
4911 5497 2
413 3210 2
947 2430 2
3575 5401 2
1647 4931 0
4790 5926 2
3541 3908 0
1094 1755 2
4022 4161 2
1243 1673 1
3890 4364 2
2252 2602 2
2639 3220 2
1751 2629 1
1942 5233 2
1484 4401 2
280 5166 0
1115 2033 2
1160 3759 2
30 1408 2
1626 3217 2
1849 5135 2
1827 4169 2
127 1991 1
1778 2124 1
179 2795 2
3932 5871 2
1008 3602 2
770 2324 2
295 3877 2
912 1239 2
2465 4562 2
58 2065 2
19 4824 2
664 1837 2
2241 2991 1
2177 5444 2
60 3451 2
1682 3884 2
2445 5699 2
3449 5678 2
2785 4261 2
3957 4978 2
3301 5310 2
2938 4861 2
1483 2461 2
2037 3366 2
637 1435 2
140 1195 2
1647 4325 2
3475 4551 1
2031 3040 2
3998 4655 2
4359 5347 2
1588 3779 1
1346 2421 1
1307 4482 2
873 1444 2
1337 1690 2
623 1521 2
2258 5239 2
421 2433 2
2757 4062 2
1494 5030 0
3189 3909 2
246 3179 2
4525 5743 2
1697 5800 2
2933 3812 2
282 3659 2
547 5876 2
115 930 2
1145 4409 2
3148 5408 0
520 4116 2
5314 5579 2
1267 4310 0
3446 5539 2
450 2866 2
47 213 2
795 2777 1
3959 4204 2
28 3235 2
3462 5270 2
1561 2095 2
3371 5758 2
3678 5424 2
4529 5623 2
504 4065 2
334 3611 2
1020 1180 2
889 5439 2
1760 5914 0
1236 5704 2
1617 3969 2
827 897 2
1307 2473 2
1110 4675 0
17 5852 2
3536 4970 1
2303 5215 2
2970 4957 2
524 654 2
1511 2280 2
1463 3607 1
546 1596 2
4123 5873 2
4640 5496 2
485 1673 2
84 3115 2
1245 1249 2
3284 4908 2
2102 3054 2
2240 5895 2
3429 4051 2
1487 4751 2
905 3181 2
961 4597 2
1715 2412 2
679 3032 2
727 5437 2
2880 3780 2
209 5974 2
3469 3923 2
3717 4506 2
1294 1958 2
3461 3623 2
4817 5403 2
5040 5354 2
3970 4658 2
3110 5704 2
247 587 2
497 4958 2
516 3321 2
1121 5357 2
1140 2502 2
598 4097 2
2396 4465 2
626 1899 2
908 1542 2
439 2507 2
2084 4092 2
764 2057 2
330 1963 2
3146 5690 1
246 2429 2
2866 4921 2
65 1617 2
1642 4146 2
36 1068 2
416 1719 2
1711 2550 2
2316 4697 2
1137 5819 2
382 4021 0
1379 3155 2
1529 4682 2
658 1293 2
835 5413 2
2003 2722 2
560 2500 2
1008 5308 2
2444 4009 1
1934 4911 2
778 5986 0
3972 4088 2
1791 4868 2
26 2486 2
2742 5245 2
138 5328 2
3703 5981 2
2940 3530 1
4326 5532 2
1440 5839 0
571 4379 2
853 5397 2
3545 3633 0
1579 4098 2
3908 5743 2
663 2362 1
323 3796 0
5058 5182 2
3158 5721 2
1706 3474 2
1664 3085 2
3850 4025 2
2218 4443 2
3308 5474 2
2781 4158 2
2295 5619 2
2158 5134 2
673 3069 0
1778 2124 2
449 741 2
2319 3946 2
1012 5498 2
751 4180 2
661 1051 2
4238 5532 2
2135 2221 2
4109 4984 2
545 797 1
296 2129 2
3228 4349 2
1569 5494 2
1351 3334 2
3753 4063 2
955 4745 2
542 3325 0
470 2430 2
2305 5078 2
566 1963 1
4000 4008 2
887 4985 2
559 3994 2
3087 4582 2
422 4461 2
616 788 2
2747 3842 2
349 4327 2
1890 3167 2
1029 3707 2
2062 5958 2
492 600 1
1128 2327 2
3520 4789 2
1669 5565 2
2926 5332 2
3975 5236 2
934 2966 2
1924 5616 2
4259 4698 2
25 1406 2
966 3142 2
597 4804 2
2763 5402 2
671 1918 2
944 2858 1
3051 5932 2
1879 4348 2
7 1523 2
3058 4039 0
2597 5033 2
283 5749 2
4322 4496 2
930 1719 2
163 3603 2
3492 3498 2
4245 4935 2
450 3282 2
1321 4247 0
2110 2205 2
514 1213 2
2953 4181 2
546 2425 2
196 2565 2
407 2409 2
3259 5891 2
1200 1625 1
1865 5899 2
1693 2436 2
2123 4680 0
4127 4282 2
3495 5672 1
2940 3530 2
2457 4660 2
2649 2911 2
434 4234 2
230 2430 2
308 1672 2
1142 5358 2
2826 5322 1
3389 3768 2
1944 5951 2
1385 3037 2
3777 4772 2
455 1785 2
342 549 2
864 4394 2
3711 5969 2
3128 4998 2
4146 5325 2
1151 3085 2
3892 4408 2
3623 3934 1
4092 4940 0
227 1794 2
1182 1242 1
197 3122 2
1358 5994 2
423 2223 2
2394 4945 2
4519 4678 2
4666 5184 2
3187 3799 1
2234 2579 2
2594 4382 2
5207 5389 2
320 2149 2
1045 3101 2
4687 5312 2
1015 1636 2
1027 1202 1
404 5104 2
1709 3478 2
1139 4206 2
842 1981 1
2392 5007 2
4468 5818 2
1409 2931 2
1339 3197 2
5722 5917 2
2237 2472 2
3436 4623 2
2173 5318 2
1410 5719 2
5192 5952 2
2861 4287 2
601 5524 2
3032 5727 0
2500 4423 2
3140 3969 2
2053 3943 2
579 2541 2
2488 3306 2
929 2482 2
2439 2726 2
813 5078 2
3526 4697 2
3917 4172 2
927 5492 2
41 5108 2
1501 3830 2
2158 3073 2
1297 2746 2
209 3220 2
3743 5065 2
2635 2907 1
4648 4919 2
775 1395 2
131 637 2
905 2101 2
222 3330 1
3887 5626 2
101 5338 2
2640 3382 2
223 1863 2
3105 5022 2
1284 3067 1
791 5521 1
5596 5697 2
2263 3104 2
1358 5744 2
4038 4683 2
3965 5483 2
1366 4139 2
2930 3640 2
2004 4210 2
483 5059 2
1179 4304 2
1528 5985 2
310 1931 2
61 521 2
829 3728 2
1705 5863 2
2508 4133 2
5147 5162 2
138 2467 2
1960 2618 2
2544 5271 2
111 356 2
580 4164 2
3330 4643 2
836 2856 2
131 637 0
1148 4366 2
1416 1812 1
2289 5462 2
2364 5923 2
638 2891 2
511 1216 2
3404 4138 2
975 4664 2
794 3067 2
264 3317 2
1691 2454 0
1901 2145 2
1440 4812 2
2752 3516 2
900 4856 2
2347 5604 2
2497 4315 2
333 4977 2
791 5037 2
2216 4751 0
4596 4639 2
5039 5721 2
391 4846 0
5515 5930 2
1266 4350 2
2373 2975 0
1715 4281 2
117 1752 2
3749 4636 2
94 5774 2
1697 4098 2
3461 4792 0
5196 5293 2
3058 4829 2
3087 4156 2
336 1882 2
492 600 2
4252 5581 2
4885 5892 2
1321 4247 2
4154 5834 2
1252 4589 2
1818 5263 2
794 3082 2
4661 5455 2
3273 4183 0
275 3309 2
59 790 2
1958 5128 2
251 1874 2
666 5277 2
1823 2399 2
1182 5170 2
697 4426 2
3233 4234 2
2195 4455 2
1473 2672 1
487 2483 2
1933 4919 2
871 3766 2
2331 2450 2
1760 4145 2
1526 4757 2
1352 5867 2
2457 4646 2
688 2618 2
3024 5828 2
707 4499 2
620 2063 2
3873 5661 2
2722 3197 0
1784 5837 2
564 1402 2
2232 3520 2
3111 3960 2
692 5458 2
4810 5892 2
1134 5827 2
353 3523 2
1330 3673 2
3266 3892 2
787 2981 2
2585 3778 2
3070 4877 2
4143 5805 0
4469 5106 2
628 4122 2
2037 3267 2
740 4622 2
1710 2012 2
1806 5181 2
4230 5828 1
5114 5953 2
722 3438 2
2326 4393 2
4889 5394 2
1495 2807 2
963 5451 2
3816 4966 1
931 5833 0
300 3478 0
495 5747 2
416 2275 2
5191 5482 2
1395 4914 2
4000 4887 2
419 2140 2
2298 4654 2
319 3400 2
304 4107 2
5413 5641 2
1849 5114 2
3682 3879 2
2433 4830 2
792 798 2
3285 5259 2
3566 5942 2
743 4151 2
1285 1739 2
2736 4382 2
3728 3913 2
1208 1635 2
945 2579 2
900 2260 2
2128 4162 2
75 1511 2
293 2015 2
71 4173 2
3043 5078 2
2419 5842 2
121 2795 0
1505 4579 0
4555 5714 2
2700 5237 2
1095 3196 2
1486 4646 0
126 858 2
2276 3302 2
2088 2147 2
3801 3835 2
1411 2497 2
3047 4705 1
57 3628 2
2459 4820 2
4899 5492 2
2668 4704 2
1583 4085 2
1235 4535 2
248 3532 2
5724 5916 2
1609 2593 2
3906 5278 2
417 1569 2
577 2478 2
165 1523 2
3773 4591 1
4071 5665 2
300 1336 2
1412 3480 2
2877 3785 2
1269 5495 2
708 2963 2
3510 5201 2
3567 4418 0
2888 5103 2
2642 2923 2
2025 4416 2
429 678 2
1707 1811 2
394 5417 1
2095 3894 2
3245 4470 2
1494 5748 2
3953 4797 2
1406 3218 2
2497 5690 2
1665 3477 2
4596 4639 0
608 4112 2
1713 3754 2
463 2668 2
3088 5850 2
1013 2571 2
1752 3513 2
1378 3226 0
1966 5230 2
267 1492 2
2894 4848 2
1584 2826 2
273 3146 2
2645 4706 2
598 2865 2
4736 5310 2
3339 3971 2
948 2859 2
3978 5136 2
253 3355 2
399 4143 2
973 5714 2
314 5679 2
54 2866 2
4100 4591 2
749 1532 2
3277 3696 2
653 4382 2
198 3525 2
1849 4289 2
2095 5733 1
1007 2042 2
649 5302 2
2714 5130 2
2950 5269 2
3338 4047 2
403 3789 2
2016 3289 2
422 659 2
609 1875 2
335 4927 2
1625 4454 2
581 814 2
4602 5520 2
1017 4752 2
2826 5322 2
539 3169 2
2664 3867 2
2501 4120 2
929 5513 1
2556 4824 2
4286 5229 2
3494 3892 1
3023 3454 2
3101 4450 2
1561 3479 2
5410 5930 2
1005 4235 2
9 3198 2
2024 4017 2
25 118 2
150 4260 2
855 3961 1
2794 4415 2
1357 5939 2
964 3203 2
703 1373 2
1442 3671 2
988 2456 2
1055 1818 2
3494 4411 2
4520 5250 2
4497 5069 2
1148 1864 0
3972 5175 2
1184 2369 2
1540 2809 2
1284 3581 2
3527 5900 0
1859 5668 2
633 3848 2
1094 2703 0
4268 4750 2
553 4702 2
801 2300 2
2238 4866 0
30 1864 2
2852 4060 2
364 4774 2
3913 5402 2
4129 5788 2
2959 5804 2
5607 5819 2
521 4007 2
3009 5386 2
625 3321 2
2577 5096 2
2675 4447 2
2211 5356 2
2113 4774 0
216 4789 2
1479 2255 2
1052 5601 2
1976 4099 2
390 4039 2
1210 4378 2
609 1401 2
3041 4278 2
1361 5271 2
2611 5650 2
2338 3451 2
176 2586 2
319 1809 2
1700 3908 0
166 4761 2
1417 3803 2
787 1459 2
830 4056 2
4589 5508 2
782 1088 2
3770 4205 2
1815 4834 2
1045 1147 2
3065 5049 0
551 5017 2
456 2584 2
1691 2184 2
3794 5762 2
2233 2260 2
2193 5311 2
3044 3938 2
2297 4186 2
598 899 2
5243 5833 2
5049 5631 2
937 1153 2
290 5035 2
2937 3682 2
1616 4575 2
407 3530 2
2667 3983 2
825 3391 2
915 5555 0
4301 4405 2
2708 4631 2
4196 5207 2
2342 5399 2
4262 5028 2
3475 4072 2
91 2090 2
394 1093 2
1870 2494 2
4019 4840 2
4376 4389 2
3041 5616 2
3722 4502 2
2304 5767 2
2123 4680 2
134 4623 2
344 5407 2
1486 5936 2
1434 3247 2
983 4767 1
4009 4548 2
3987 5503 2
5196 5238 2
3128 4347 2
1150 1833 2
1859 2381 2
1854 3213 2
1767 3372 2
1166 4390 2
1241 1965 2
3553 4156 2
5173 5679 2
385 4661 2
799 4800 2
4083 5751 2
1396 2184 2
3797 4268 2
2402 2907 2
4359 5759 2
4167 5638 2
2537 3089 2
5064 5789 2
2520 4576 2
4170 4948 2
1834 5643 2
930 5088 2
3338 5395 1
1389 1745 2
1843 5271 2
3104 4837 2
2609 3982 2
2551 5101 1
904 2061 2
2450 2856 2
192 3094 2
2143 2691 2
778 2058 2
1855 4501 2
2275 5233 2
3114 5645 2
330 3292 2
1190 3926 2
756 3906 2
4058 4224 2
2935 3915 2
1416 5837 2
2820 3001 2
2866 4313 2
4143 5805 2
3143 4798 2
629 933 2
716 4537 2
71 4827 2
1447 4933 2
698 3032 2
1398 2710 2
3550 4768 1
2321 4784 2
1605 5414 0
2842 4880 2
5240 5688 0
259 1445 0
201 1786 2
702 3602 2
4572 5842 2
5430 5794 2
3831 5322 2
4095 4759 2
326 1972 2
855 3961 2
31 5427 0
3223 4435 2
2424 2755 2
509 5838 2
0 5767 2
912 2628 2
2269 2667 2
975 1528 2
1239 5127 2
57 354 2
2082 5447 2
665 5816 2
29 2987 2
3265 3864 1
4111 5313 2
3585 4351 2
3021 3849 2
695 2757 2
162 5084 1
1016 2900 2
858 1024 2
2546 5496 2
920 2995 2
3139 4237 2
1275 3150 2
1783 3351 2
329 4069 2
5568 5840 2
804 4972 2
715 1756 2
1649 5617 2
3415 3813 2
2401 5756 2
5411 5673 2
797 4013 2
1033 1112 2
3511 5769 2
1004 5110 2
4819 5930 2
2420 2537 2
867 3304 2
109 4582 0
2807 4953 2
1468 3662 2
218 3495 1
2580 5659 2
1581 2231 2
4241 5072 2
4149 5309 2
491 3335 2
881 4867 2
785 5523 2
2659 5406 2
4047 5593 2
523 5656 2
1369 4050 2
5735 5984 2
1464 4724 2
1058 2069 2
2487 4466 2
2214 2523 2
308 3590 2
725 2887 2
1139 5643 2
4712 5448 2
3495 4099 2
2515 5423 0
389 5827 2
2981 4472 2
25 118 0
1428 4663 2
785 2590 1
3799 4279 2
306 2516 2
1009 1723 2
116 4344 2
1267 4729 2
3298 4839 2
749 2905 2
1025 3042 2
3491 5715 2
2043 5365 2
2686 4024 2
744 1906 2
802 2405 2
985 3391 2
365 629 2
1986 4206 2
1771 2038 2
1677 5041 2
2471 3296 2
3876 4429 0
999 4013 2
785 3459 2
3792 4309 2
4025 4792 2
2028 4743 0
1105 5925 2
324 3522 2
1309 2273 2
2026 4503 2
690 1078 2
1287 4311 2
3258 4596 2
1662 2683 2
131 5306 2
3741 4475 2
1588 4105 2
2609 3178 1
951 2339 2
855 3276 2
5167 5637 2
1309 4016 2
3738 5790 2
4620 5563 2
2137 5412 0
1118 4795 2
1542 5945 2
2123 5667 2
4404 5153 2
133 4601 2
1201 3328 2
128 721 2
852 1819 2
106 3053 2
2573 5641 2
2577 5076 2
26 1542 2
2333 5647 2
3277 3608 0
3779 4933 2
2487 3627 2
657 4797 2
2725 3310 2
4118 4203 0
3597 4181 2
1313 1539 2
1897 2615 2
275 3264 0
674 2605 2
1000 3147 2
422 4105 2
2704 5388 2
5246 5623 2
4331 5957 2
2933 5527 2
478 3567 2
1601 2424 2
1974 3872 2
4605 4765 2
1264 1884 2
1296 2734 2
2381 5065 2
845 3238 2
3270 3415 2
991 4317 2
3997 4446 2
5051 5525 0
2691 2976 2
2921 4014 2
319 1880 0
210 2701 1
1430 4886 2
5361 5587 2
1004 4798 1
1436 2866 2
1582 5591 2
331 4470 2
3354 3466 2
35 3474 2
701 5719 2
2836 3961 2
931 5833 2
1798 5317 2
630 2365 2
2003 3352 2
2551 5101 2
4964 5447 2
2760 5900 2
5030 5710 2
1894 5597 2
1913 3880 2
4291 5583 2
2586 2940 2
4487 5921 0
2470 4228 2
5469 5540 2
1832 5333 2
1766 4568 2
3378 5861 2
3295 4630 1
1214 1612 2
3602 4631 2
1284 1947 2
3731 4676 2
3817 4656 2
2629 3652 2
1701 4838 2
3743 4005 1
2993 3494 2
2259 5974 2
2002 5511 2
136 1637 0
1005 3729 2
