430 2030
243 289 1
47 342 0
378 380 0
65 258 1
23 187 0
267 334 0
70 137 2
87 277 2
247 359 2
41 315 2
117 141 1
251 428 2
185 382 0
331 396 1
25 212 1
94 250 1
207 245 1
33 297 2
10 300 2
86 278 2
216 286 2
99 183 0
233 428 0
55 370 2
86 269 2
149 376 2
30 418 1
313 379 0
38 345 1
36 298 2
212 253 1
42 295 2
57 146 0
9 410 2
12 88 0
45 366 1
28 401 1
121 225 0
242 411 1
193 420 0
90 236 0
58 171 2
88 201 1
50 273 0
260 378 2
12 386 2
171 281 0
209 321 0
246 427 0
122 292 0
45 124 0
183 291 0
57 399 0
281 325 0
168 225 0
135 386 2
52 162 2
2 145 2
12 34 2
312 368 1
248 346 2
78 216 0
297 388 0
3 61 0
78 233 1
13 353 1
196 328 1
186 285 1
268 328 0
16 63 0
34 409 0
142 401 1
57 226 1
12 403 1
73 167 2
52 83 0
226 367 2
184 185 2
44 393 2
63 370 0
46 201 2
195 275 1
81 273 1
157 224 0
214 285 2
39 182 0
147 230 0
226 258 1
99 319 1
135 376 1
253 319 2
198 415 0
206 270 0
32 401 1
25 185 1
372 411 2
366 424 2
89 133 2
118 202 2
148 185 1
119 301 0
248 393 0
178 345 2
20 296 2
398 423 0
83 212 0
16 330 2
47 360 1
89 332 0
214 427 0
351 383 0
337 425 0
81 194 2
194 320 0
8 276 1
295 315 1
90 158 0
111 288 1
138 200 0
314 367 0
114 345 2
107 373 2
170 220 2
178 321 2
121 315 2
70 156 1
112 347 1
280 287 0
24 305 1
200 297 0
135 354 0
130 256 1
71 165 1
7 316 0
116 276 2
95 354 0
306 421 1
301 427 0
256 420 2
130 365 1
252 377 2
138 371 0
29 343 2
163 259 0
371 401 0
231 390 2
58 112 0
367 416 1
66 222 0
52 352 2
251 386 2
76 238 2
165 210 0
4 263 0
0 82 0
142 216 2
103 304 0
52 329 1
105 261 2
230 369 1
135 227 1
2 360 0
61 395 1
113 166 2
3 110 1
238 333 0
214 310 2
48 103 1
191 348 0
91 171 1
121 349 1
217 304 1
27 310 2
8 354 2
285 413 1
197 205 2
30 236 0
73 181 2
2 131 0
2 140 0
15 335 2
164 335 2
201 367 2
30 141 1
132 280 2
181 226 1
225 408 2
347 357 2
23 41 0
132 287 0
150 228 2
67 159 0
189 305 1
181 394 0
57 346 1
3 177 1
3 40 0
30 345 2
184 281 0
20 373 2
65 304 1
99 152 2
310 358 2
301 324 1
117 286 2
211 299 1
208 238 2
52 78 1
24 420 1
155 230 0
240 337 2
33 337 1
116 319 2
334 411 2
19 427 2
75 241 2
37 389 0
324 343 1
210 326 2
318 361 2
54 386 2
32 328 0
0 313 2
110 374 1
372 394 1
94 407 1
98 128 1
41 326 1
19 272 1
45 158 0
43 357 2
303 387 0
275 341 2
94 267 2
91 181 0
107 389 2
312 363 2
107 211 1
60 224 0
91 147 2
178 425 2
249 359 0
274 321 0
2 327 2
218 393 2
258 351 2
217 345 0
190 411 0
147 362 1
370 405 1
374 390 1
172 201 1
237 323 0
263 385 0
132 143 1
216 416 1
172 293 0
138 361 1
254 316 1
211 275 0
234 284 1
417 425 0
82 209 2
38 63 0
164 335 2
162 259 2
47 306 1
162 279 1
53 102 0
0 166 1
327 427 1
60 336 0
18 324 2
70 125 0
243 353 0
197 331 0
34 314 0
139 349 0
137 274 0
51 211 2
173 262 0
220 228 1
0 16 1
64 400 0
181 290 0
211 309 0
78 319 0
137 298 2
34 165 0
165 428 1
146 149 2
109 275 1
364 392 1
249 387 1
94 318 1
130 207 1
16 278 1
316 337 2
126 154 1
24 128 2
206 381 2
146 353 1
129 207 1
274 395 0
37 151 1
196 371 2
360 420 0
172 376 0
336 359 2
157 414 2
0 113 1
417 423 1
319 363 2
142 170 2
314 325 0
34 125 0
62 427 2
109 306 1
196 378 0
9 239 1
200 291 1
327 380 1
127 400 0
47 390 2
38 71 0
116 197 0
18 32 2
69 136 2
130 315 0
84 89 2
172 280 2
214 251 2
82 373 0
224 332 0
276 315 1
252 287 1
214 219 0
76 409 1
70 321 0
9 350 2
16 289 2
334 382 1
221 241 1
196 374 0
41 286 0
67 165 1
186 357 0
354 374 0
61 223 2
108 327 0
186 194 0
256 337 0
23 82 0
343 397 1
128 281 0
227 373 0
55 100 0
268 326 1
56 184 2
113 120 1
71 244 0
176 202 2
151 330 2
138 410 1
30 95 1
141 186 2
8 126 1
88 202 0
3 58 1
236 426 2
155 178 0
129 244 1
234 298 0
245 409 2
115 344 1
79 352 0
256 262 1
57 187 0
191 408 2
88 107 0
250 305 2
35 311 0
46 418 1
146 245 1
199 232 1
273 400 2
25 224 1
27 408 1
119 365 2
61 172 0
211 350 2
8 48 0
222 326 1
200 304 1
220 281 0
143 410 0
64 407 0
99 251 1
200 306 1
183 346 1
133 388 1
265 412 2
187 245 2
105 273 1
94 251 1
22 172 0
51 348 1
7 178 1
193 285 2
187 287 1
133 359 1
347 369 0
268 367 0
105 420 0
9 334 2
161 429 2
318 375 0
111 190 1
282 340 2
241 288 0
37 314 2
287 367 2
132 429 2
224 398 0
40 373 1
3 130 1
21 209 2
9 277 0
308 331 1
256 348 2
190 420 2
243 262 2
40 111 1
291 324 1
44 348 1
188 236 2
51 287 1
50 153 0
258 329 0
239 300 0
277 397 2
13 414 2
28 114 1
23 424 0
76 171 2
14 186 2
221 301 1
231 418 0
63 190 2
91 383 1
32 402 1
136 149 0
181 338 2
109 370 1
202 316 1
393 427 0
155 409 2
119 139 1
37 72 2
159 396 1
128 379 2
279 288 0
143 369 2
145 194 0
112 302 1
124 392 2
83 93 1
175 409 1
89 157 1
107 300 2
87 376 2
95 173 1
14 385 0
58 373 0
81 399 1
65 152 0
295 309 1
160 366 2
173 221 1
223 363 0
16 426 0
81 91 0
36 81 2
106 239 2
204 400 1
73 174 2
35 187 1
4 265 0
15 157 2
129 356 1
350 414 1
218 238 0
16 126 2
181 392 0
239 267 0
12 316 2
40 207 1
218 348 0
357 403 1
119 126 2
59 171 0
96 203 1
201 214 1
236 320 1
138 268 2
287 394 0
182 239 0
303 413 1
120 202 0
199 342 0
125 264 0
247 255 2
46 96 1
157 238 2
269 404 0
81 302 0
237 342 2
286 340 1
44 246 2
232 394 2
186 232 2
0 99 1
1 11 0
39 124 0
99 272 0
65 265 2
98 241 0
59 87 2
176 219 0
70 284 1
116 317 0
166 203 2
76 234 1
226 371 1
321 389 0
23 345 2
335 349 2
105 125 1
338 351 2
280 376 1
218 390 0
77 108 0
93 119 1
206 223 1
241 250 2
152 357 0
86 164 1
44 48 0
43 217 2
53 398 2
122 215 1
155 221 2
221 283 1
162 226 1
131 350 2
133 170 1
20 372 1
59 98 2
29 48 1
116 405 0
250 412 1
106 337 0
12 294 2
244 279 1
37 155 1
93 413 1
46 305 1
52 97 0
23 25 0
24 196 1
206 395 0
264 299 0
105 363 0
302 406 2
6 427 2
5 376 1
34 417 1
115 272 1
201 249 2
122 250 0
273 367 0
165 172 1
2 37 2
157 405 0
191 292 2
16 287 2
253 343 0
334 420 1
159 269 1
77 95 1
47 338 2
68 375 2
16 365 0
67 292 1
111 360 0
127 344 2
30 271 2
2 125 1
53 270 1
224 255 0
201 264 0
319 369 0
173 427 1
86 411 0
66 218 0
9 201 1
224 425 2
64 136 1
16 421 0
83 345 1
34 58 2
231 271 1
80 307 2
70 317 2
0 197 2
191 295 2
88 240 1
231 415 2
227 251 1
146 409 1
18 190 1
62 130 2
256 352 1
97 260 0
125 279 0
190 302 2
94 311 2
44 416 0
104 356 0
44 63 1
197 252 2
66 373 1
43 429 2
77 323 2
95 425 1
90 179 0
108 354 2
258 371 2
212 266 0
258 325 0
220 246 1
64 278 2
273 334 2
389 404 2
272 363 1
160 293 2
77 185 0
312 337 2
399 409 0
237 366 2
103 384 0
36 49 0
179 334 0
27 116 0
298 394 1
98 252 1
16 362 2
61 130 0
63 299 0
56 262 2
192 296 0
195 238 1
116 381 2
120 167 0
82 415 2
166 407 0
144 244 1
260 362 2
12 422 0
41 62 2
221 296 1
58 304 2
158 374 0
9 157 2
34 190 0
157 417 1
255 383 1
99 371 0
195 370 2
70 185 1
166 289 1
193 416 1
80 118 2
160 306 0
199 386 1
172 201 1
326 371 0
267 426 2
53 77 2
141 199 0
98 422 2
77 392 2
257 298 1
321 331 2
146 209 0
54 127 0
251 429 0
189 274 0
41 188 0
215 223 1
110 197 2
10 394 2
67 130 0
24 128 1
403 427 2
64 213 0
266 400 2
324 380 1
216 327 0
79 115 0
50 338 1
51 200 1
176 329 2
272 350 1
71 235 2
40 150 1
10 241 0
297 349 0
147 181 2
14 102 2
332 403 1
406 421 2
65 304 2
37 106 0
64 221 2
151 202 2
146 348 1
232 382 1
28 211 0
35 246 1
206 358 2
338 349 1
307 346 2
81 134 0
49 215 0
69 120 0
16 340 0
96 326 0
260 311 0
81 298 1
190 353 2
24 107 0
138 165 1
136 235 2
50 293 2
304 306 1
139 306 1
194 252 0
101 417 2
47 283 0
106 139 1
142 355 1
50 122 1
3 206 0
252 414 1
211 362 1
128 271 2
156 416 2
205 211 1
201 386 1
71 122 0
275 365 2
18 351 1
22 384 0
149 308 1
216 386 0
66 227 2
38 71 0
141 368 0
83 216 2
179 268 0
90 100 2
57 412 1
49 222 2
97 307 1
47 261 1
113 144 0
53 354 2
122 173 0
214 350 2
43 335 0
250 330 0
216 223 0
228 331 0
146 172 2
39 202 0
77 121 1
112 207 0
22 397 2
267 354 2
75 98 2
147 421 1
203 310 0
24 242 2
114 379 1
56 346 0
332 382 2
37 339 1
121 302 0
58 421 0
130 374 0
225 258 2
406 420 1
283 402 0
3 15 1
82 252 1
92 297 2
131 356 0
26 63 1
31 310 2
94 183 0
62 277 0
191 375 1
308 410 1
26 367 0
156 388 0
151 312 1
179 189 2
165 271 2
298 378 1
125 147 1
410 414 2
112 213 0
122 294 0
192 394 1
50 411 2
228 320 2
87 201 0
183 244 0
13 16 0
75 279 1
212 216 1
92 347 0
2 394 0
325 407 0
79 163 2
85 378 2
207 234 0
135 396 1
135 392 1
298 388 0
83 312 1
69 126 1
130 353 0
65 302 0
100 418 1
123 187 0
200 423 2
149 368 1
314 387 0
268 382 1
100 159 1
253 270 1
177 336 1
346 352 0
235 372 2
108 194 2
9 308 0
241 289 0
179 397 1
235 294 0
256 392 1
213 324 0
198 274 1
52 123 2
244 269 2
112 181 1
9 388 1
246 269 1
10 386 0
345 364 0
8 122 0
124 212 2
244 298 0
78 219 1
140 295 0
130 205 1
12 281 1
70 141 0
55 126 1
115 219 1
103 373 2
63 181 1
113 204 1
123 274 0
212 342 1
80 106 1
204 291 1
111 333 0
158 393 0
84 286 2
51 53 2
187 312 2
171 315 2
12 145 2
133 376 2
131 188 2
60 337 2
137 428 0
235 270 0
240 385 0
123 426 0
82 356 1
106 301 2
17 129 2
46 67 0
180 389 0
299 349 0
137 191 2
214 422 1
93 120 2
5 185 2
104 422 1
106 151 0
41 160 0
239 384 0
130 303 2
274 328 2
87 354 1
121 388 0
14 113 0
152 297 1
255 409 0
223 257 1
225 380 1
249 375 1
338 386 1
42 332 0
47 115 2
53 57 0
127 129 0
116 151 1
256 415 1
22 61 0
124 222 0
12 355 2
173 255 2
117 381 1
164 202 1
71 287 0
114 377 1
10 297 2
158 351 1
157 188 0
111 130 0
118 384 2
133 352 0
272 298 0
124 284 0
23 135 2
245 307 0
222 429 1
113 284 0
70 358 1
8 26 1
422 427 1
229 359 2
217 222 2
100 295 0
372 410 2
106 275 1
309 372 0
132 301 1
175 376 1
337 381 0
121 228 2
35 348 2
212 317 1
200 328 2
12 25 0
145 198 0
255 363 2
273 418 0
174 361 0
105 319 0
283 414 0
59 174 1
118 237 1
45 182 1
88 127 2
130 273 0
9 295 2
113 241 1
228 265 2
71 385 2
156 326 0
133 341 0
49 311 0
21 157 2
75 286 1
290 406 1
12 53 2
48 70 0
34 284 1
146 317 1
222 281 1
79 90 0
299 373 1
285 358 2
303 392 1
27 293 0
174 257 2
71 161 0
212 277 0
117 143 0
23 173 2
22 317 2
137 213 2
76 327 1
273 334 0
79 364 2
25 64 0
217 261 2
238 365 1
267 390 0
59 292 2
148 183 2
89 406 0
6 376 0
61 338 2
48 339 2
14 427 0
156 335 0
133 226 0
236 417 0
120 308 1
162 176 1
194 333 2
98 418 0
373 412 2
83 317 1
146 219 0
158 220 2
215 218 1
138 166 0
25 50 1
36 415 1
4 322 1
123 283 0
168 301 0
49 87 2
69 103 2
69 281 2
168 307 0
321 380 2
130 426 2
28 177 0
237 248 2
46 380 2
343 362 2
108 413 2
54 343 0
219 322 1
33 237 0
114 260 1
1 261 0
229 336 2
267 317 1
72 300 2
74 373 1
200 211 0
101 339 2
279 392 0
110 263 2
162 378 2
0 159 1
374 389 1
194 420 0
63 147 2
10 298 2
154 220 2
127 403 2
155 170 1
33 391 2
67 217 1
51 107 0
277 349 2
259 311 0
234 288 0
26 302 2
212 368 0
141 318 1
114 222 1
100 278 0
65 350 2
354 363 2
176 275 0
242 379 0
18 74 2
226 241 1
300 381 1
171 372 1
0 68 1
22 370 2
63 387 2
191 300 2
179 290 2
107 344 0
61 81 1
4 90 0
125 419 1
194 402 2
182 205 0
311 402 0
121 348 1
74 359 0
46 381 0
12 111 2
72 106 0
290 397 1
153 206 1
5 325 0
15 80 0
358 374 2
59 176 0
227 321 0
4 210 0
42 243 1
422 423 2
244 262 1
77 320 2
118 264 0
141 254 2
39 133 1
22 328 0
180 242 1
167 263 2
148 207 0
68 332 1
240 249 0
75 151 0
184 363 2
118 209 0
15 22 0
302 321 1
176 329 0
207 324 0
287 368 1
397 411 1
196 268 1
139 353 0
229 359 2
129 246 1
124 353 2
43 218 0
58 413 0
348 415 1
13 354 0
97 264 2
30 284 2
207 427 2
152 156 0
19 93 0
25 98 0
136 301 0
115 242 2
183 261 0
55 389 2
218 356 2
166 417 2
13 35 1
215 395 2
87 337 0
126 322 2
55 98 0
278 386 0
253 347 1
278 346 0
72 373 1
93 197 1
262 370 2
195 301 0
337 422 0
219 255 1
62 326 1
7 225 0
119 320 1
156 217 1
297 408 1
359 385 1
147 248 2
123 145 0
65 422 1
5 79 0
214 411 2
48 95 2
185 291 2
180 299 1
159 208 2
54 234 0
34 305 1
377 401 1
186 350 1
3 43 2
213 242 0
230 259 2
29 129 2
196 209 2
97 314 1
124 185 1
43 397 0
29 164 1
0 249 1
137 247 2
171 180 1
163 335 1
168 191 0
252 400 1
13 169 0
229 403 2
168 369 0
39 112 2
238 248 1
311 388 0
183 234 2
384 390 2
94 176 1
86 131 2
182 235 0
129 415 0
74 367 1
56 82 2
127 379 0
99 300 2
308 429 2
34 194 1
11 106 1
268 407 2
319 387 2
44 123 2
340 422 2
152 175 1
103 234 1
314 387 2
192 371 2
268 297 2
108 182 2
4 288 1
403 408 2
47 416 1
35 46 1
234 333 1
366 385 0
64 351 2
248 268 1
79 258 1
185 418 1
48 92 2
267 275 0
79 80 0
243 290 1
72 408 2
187 246 2
201 331 2
353 413 2
47 341 2
11 376 2
58 257 2
68 246 0
18 156 1
379 418 0
119 402 0
111 359 0
159 428 1
180 407 2
253 279 0
60 265 2
199 249 2
294 352 1
21 150 1
16 207 1
355 420 0
131 422 0
249 263 2
346 383 2
229 295 0
88 102 2
321 414 0
102 278 2
19 159 0
175 287 0
225 418 2
339 410 2
62 266 2
42 190 1
157 360 1
267 279 2
192 428 0
333 348 1
223 361 2
1 185 1
80 250 2
91 378 1
2 391 2
201 348 2
4 259 2
325 398 1
194 241 0
272 294 2
235 360 1
384 388 2
13 89 0
26 294 0
53 139 0
27 261 1
184 324 0
358 420 0
157 357 0
39 126 0
116 419 1
93 148 0
136 394 0
308 376 2
226 287 2
230 355 0
23 330 1
155 168 0
164 352 1
118 325 2
21 296 2
345 371 0
163 236 2
332 419 1
169 266 2
343 375 2
159 374 2
172 350 1
40 220 2
213 418 0
151 356 1
313 358 0
382 416 0
57 146 2
97 192 1
21 245 0
167 286 0
66 345 1
110 111 2
88 161 0
392 411 0
134 251 1
95 274 1
225 427 1
73 91 1
61 260 2
293 413 1
100 352 1
299 399 2
142 421 1
190 268 0
147 394 2
96 118 0
312 381 1
102 209 0
3 299 2
153 367 1
224 314 1
156 203 0
279 368 2
18 196 2
164 381 0
188 240 0
88 413 0
101 396 2
10 386 0
109 329 1
24 163 0
102 113 1
285 335 0
145 343 1
211 274 1
16 364 0
136 417 1
189 416 1
347 387 1
30 221 0
0 216 1
7 86 2
275 404 1
372 403 0
93 395 2
58 390 0
361 415 1
32 421 0
291 323 0
3 421 1
158 274 2
141 249 0
78 242 2
102 220 1
247 293 1
4 417 2
199 372 0
210 402 2
112 177 0
1 164 0
158 159 1
257 356 1
8 139 0
86 203 0
102 425 0
270 319 1
111 399 2
254 361 2
197 210 1
13 228 0
318 327 1
10 358 2
229 233 2
30 210 2
273 343 1
20 127 1
127 168 2
349 373 2
157 323 0
40 420 1
270 320 1
44 91 1
269 413 1
150 215 1
238 418 0
307 374 0
25 275 2
111 238 1
165 193 0
278 349 1
172 250 2
139 302 2
166 401 0
94 97 1
10 320 0
125 136 2
344 422 2
198 363 1
143 298 1
273 339 1
316 368 0
248 315 0
23 400 0
24 111 1
66 87 0
87 176 0
174 334 0
43 258 0
160 284 2
278 355 2
45 375 0
112 386 2
131 184 2
227 284 1
72 216 0
66 393 0
25 173 0
211 306 1
155 171 1
12 373 1
248 326 2
162 412 0
6 393 0
24 275 1
327 345 1
201 266 1
145 271 1
88 328 0
200 203 1
134 351 2
65 358 0
78 349 2
334 371 2
77 209 2
132 305 2
155 207 1
17 67 2
15 368 1
52 221 1
66 236 1
115 323 0
205 363 1
108 307 0
76 143 1
158 232 2
288 388 2
177 306 1
117 420 2
10 261 2
52 72 0
368 424 0
268 367 1
171 303 1
279 399 0
238 243 1
54 140 0
36 108 1
177 263 2
140 363 0
282 392 2
60 197 0
62 265 0
218 280 2
368 423 1
206 319 0
309 341 2
22 116 0
350 403 2
222 362 0
38 358 2
140 390 2
54 125 1
96 118 2
170 201 1
49 83 1
17 46 0
143 404 2
11 102 0
88 154 1
134 285 0
196 243 1
112 374 1
346 383 0
63 261 0
175 256 2
240 356 0
137 259 1
130 283 0
8 418 2
134 346 1
75 135 1
125 139 1
104 261 2
4 288 0
132 402 0
68 142 0
132 174 2
74 216 1
150 173 0
161 256 2
314 426 0
232 362 0
13 384 2
314 425 1
93 371 1
158 262 1
117 293 1
52 123 1
25 53 0
156 370 2
8 415 2
240 427 1
30 125 2
95 261 2
259 313 1
134 310 2
242 336 0
25 139 2
5 206 1
24 118 0
206 270 0
382 417 0
107 110 1
24 333 0
154 418 0
390 410 0
2 314 2
130 163 1
217 331 1
92 151 0
203 337 2
119 397 0
102 221 1
85 315 2
40 73 2
1 281 1
198 333 1
27 69 0
90 166 2
294 327 0
31 142 2
6 424 0
200 269 0
144 303 2
368 372 2
141 319 0
7 128 1
109 217 2
45 368 1
71 172 1
68 257 2
219 245 2
113 204 2
6 396 1
112 249 1
71 237 2
100 154 1
180 287 0
65 360 2
143 366 2
179 212 0
284 309 1
53 331 0
85 185 1
347 385 1
149 330 1
4 278 0
134 360 1
44 412 0
383 409 2
48 255 2
29 290 2
233 333 2
36 259 1
6 131 0
284 369 2
95 162 2
125 412 0
316 329 1
162 309 1
409 427 1
5 429 0
88 293 2
51 301 0
133 228 1
284 301 1
102 391 1
96 318 0
363 384 1
15 246 1
7 255 0
152 396 0
62 264 1
72 234 2
216 319 2
134 285 2
225 421 0
7 38 1
115 417 0
199 301 0
115 161 1
26 362 0
71 285 2
93 384 2
334 338 1
136 366 0
54 270 2
320 409 0
322 424 1
99 216 1
75 84 0
4 284 0
204 317 1
34 66 1
309 378 2
148 201 1
194 329 0
328 391 1
44 422 2
216 402 1
360 365 2
109 138 2
296 383 1
320 406 2
108 176 0
351 397 0
67 189 1
157 412 1
180 238 0
42 391 2
241 343 1
101 114 1
142 269 2
123 243 0
181 267 1
302 380 2
39 339 1
195 380 0
413 422 1
151 348 2
258 333 1
203 386 1
113 125 1
227 365 2
50 233 1
11 74 0
223 292 0
272 317 1
38 401 2
224 396 1
301 345 1
12 99 2
252 350 2
261 322 1
244 253 0
174 283 0
45 326 2
159 204 1
274 300 2
64 78 0
45 111 2
162 380 1
110 271 1
72 125 1
93 427 0
55 395 0
205 280 1
330 407 1
64 412 1
26 156 0
106 183 1
253 332 1
37 307 1
403 421 1
21 427 1
244 328 1
159 212 2
124 406 0
1 300 1
302 348 1
61 147 1
98 303 1
77 398 1
56 397 1
57 213 1
306 429 0
1 61 1
144 249 0
82 109 0
119 265 2
85 225 1
178 346 0
155 253 0
108 289 1
36 344 0
62 425 2
127 264 1
33 146 0
77 183 1
31 401 0
0 384 1
57 333 2
400 426 1
54 278 2
254 280 1
10 414 0
117 422 1
18 77 2
40 427 2
209 216 0
24 103 1
315 330 2
0 239 0
91 286 2
197 301 2
245 411 1
195 341 2
139 345 2
92 143 1
26 140 1
162 343 1
104 347 0
211 223 0
123 277 1
98 227 1
4 42 0
17 337 0
108 200 2
59 327 0
347 356 2
273 383 1
41 324 1
134 369 2
144 297 1
122 377 2
224 293 2
312 341 1
233 291 0
344 396 2
82 152 2
14 65 0
103 129 1
306 322 1
340 422 1
111 161 1
39 78 1
73 353 1
299 364 2
109 184 2
45 257 1
27 196 1
269 280 0
268 365 2
89 232 1
143 288 0
5 214 1
236 415 0
8 287 0
202 417 2
308 386 0
232 324 1
265 292 0
327 381 1
16 266 0
88 391 1
97 381 2
67 326 0
171 256 0
42 234 1
185 386 0
63 265 0
60 312 2
216 388 2
135 338 0
47 137 1
185 409 1
75 203 0
15 188 0
189 356 1
276 394 1
150 354 1
205 346 2
18 264 0
120 386 1
186 262 0
120 177 0
75 273 1
121 209 0
374 417 0
116 367 1
196 209 2
148 254 2
68 417 0
122 407 2
154 204 2
159 407 1
94 229 0
217 303 1
38 64 0
103 116 1
100 380 0
103 383 1
371 419 0
107 283 2
14 235 2
4 314 1
221 299 1
181 246 0
156 190 2
271 369 1
355 373 1
248 273 1
242 283 0
231 360 1
8 304 1
25 45 0
85 184 0
11 321 1
331 394 1
200 274 0
394 425 2
101 229 1
329 385 2
48 377 1
236 361 0
266 342 2
306 416 2
53 116 0
237 408 0
159 340 0
31 405 0
67 282 0
18 321 0
13 76 0
213 321 0
75 187 1
142 331 0
99 401 0
236 301 2
133 267 0
49 232 2
247 269 2
181 182 2
125 178 1
15 53 1
176 178 1
221 420 1
371 393 0
161 351 2
110 140 0
164 306 0
224 402 2
56 373 0
120 228 2
70 103 0
85 212 2
145 277 1
126 339 1
125 422 2
301 314 2
232 401 2
142 365 1
95 120 2
13 168 0
319 417 0
242 251 1
325 377 2
321 324 2
259 287 0
215 425 0
5 184 2
361 370 2
126 344 0
41 128 2
136 415 0
51 265 1
171 328 2
38 255 2
382 405 2
19 105 1
51 52 2
305 387 1
243 275 1
14 132 1
66 274 0
135 344 0
126 149 0
59 198 1
362 408 0
149 185 2
151 153 0
112 355 0
169 250 2
149 237 2
360 421 2
17 49 2
64 277 0
205 402 1
28 108 2
42 82 0
113 376 2
275 413 1
70 373 1
240 397 2
332 420 0
73 246 0
148 187 2
146 157 2
153 386 2
40 268 0
19 342 2
30 417 0
135 379 0
292 369 1
67 408 1
83 416 2
172 260 1
189 246 1
18 44 0
42 58 2
244 368 2
97 203 2
36 223 0
34 49 0
25 246 2
273 310 2
26 214 2
37 227 2
176 385 2
153 332 1
149 417 2
30 231 2
123 408 1
90 91 2
198 233 2
235 315 2
307 316 0
153 408 1
14 75 2
183 401 1
22 240 1
11 74 0
122 362 1
349 356 0
273 320 1
187 412 0
67 82 2
59 421 0
348 428 2
104 401 0
37 51 0
186 302 2
207 237 0
45 158 2
87 190 1
7 8 1
26 159 1
195 318 2
171 211 0
45 420 0
24 276 1
179 209 0
205 318 2
165 212 0
105 233 0
8 150 1
66 160 1
103 368 1
23 56 1
58 158 2
39 421 2
197 393 0
83 389 2
308 384 0
197 239 2
26 270 1
53 95 2
144 273 1
63 134 1
45 176 0
222 405 2
114 421 1
228 287 1
75 411 2
20 357 0
42 292 0
418 426 0
106 419 2
247 276 0
197 295 2
152 233 1
205 355 1
1 46 2
319 346 2
