840 4045
660 824 0
290 699 1
211 820 0
408 723 2
532 641 2
570 795 0
287 662 1
225 494 1
453 625 0
126 759 1
463 601 0
692 813 1
149 333 1
621 714 0
600 662 2
763 769 1
4 488 2
43 214 0
83 667 2
604 629 0
13 492 2
219 767 1
198 801 1
99 189 1
218 578 1
158 446 2
150 203 2
431 477 0
168 716 1
702 783 2
76 265 2
312 321 2
384 814 1
168 519 2
383 452 0
86 272 1
36 283 2
603 828 0
16 153 1
337 557 1
697 747 0
126 438 2
35 588 2
436 547 0
149 407 2
312 337 0
4 773 0
305 428 0
297 460 0
251 484 1
9 231 0
60 617 0
173 362 0
255 465 2
393 771 1
255 394 0
532 826 0
696 814 1
181 465 0
379 738 0
9 536 0
635 705 0
285 814 0
127 545 1
442 713 1
734 810 2
294 417 2
187 600 0
211 387 1
10 409 0
218 628 2
201 689 0
18 516 1
186 687 2
401 757 2
19 78 0
466 567 2
413 524 1
113 745 2
145 170 0
532 631 0
555 741 1
131 713 2
478 809 2
602 644 1
433 778 0
190 775 1
382 680 2
236 687 0
81 697 0
228 770 1
77 795 2
172 836 0
192 741 0
598 612 1
306 592 2
109 589 1
47 128 1
187 769 2
627 824 0
122 234 1
495 702 2
352 668 1
578 598 1
153 471 0
8 660 2
81 677 2
282 520 0
27 415 1
385 729 2
384 675 2
33 227 2
323 417 0
665 705 0
420 688 1
87 120 2
311 838 1
599 760 2
536 759 0
637 720 0
183 266 0
110 166 1
188 198 0
220 536 2
260 497 2
124 349 2
38 643 2
264 363 2
65 219 2
42 734 2
254 282 1
267 782 1
307 503 1
72 487 0
42 483 0
541 635 1
108 284 0
379 610 0
501 514 2
398 584 0
62 578 0
81 485 2
170 587 2
490 714 0
586 633 1
591 624 0
525 804 0
40 239 2
581 816 2
7 827 1
172 578 0
451 832 2
212 574 1
43 437 2
182 668 0
4 366 2
152 385 1
76 751 0
621 836 0
153 183 2
87 207 1
139 345 0
593 774 2
744 797 2
58 404 0
577 797 2
543 642 0
107 466 1
0 248 2
410 658 2
156 253 1
232 284 0
97 172 1
290 545 0
212 707 1
134 456 2
22 61 0
88 527 2
576 704 0
166 178 1
130 670 2
362 448 1
351 441 2
242 696 1
571 737 2
367 777 1
193 507 0
264 561 1
618 744 1
211 347 0
380 635 1
458 554 2
28 226 1
389 798 1
228 539 1
185 354 1
618 809 1
414 501 2
512 837 2
273 540 0
16 548 1
422 765 2
179 755 1
320 674 1
434 483 0
428 777 1
523 758 2
14 714 2
582 702 0
737 826 0
38 142 1
656 662 2
413 702 1
349 707 0
282 492 1
708 759 2
141 318 0
664 671 1
248 418 1
14 594 2
330 644 2
270 298 2
2 111 1
414 550 1
581 662 1
168 208 1
291 637 0
69 167 1
9 576 1
429 649 1
421 489 1
438 757 0
3 803 1
231 526 0
63 485 0
79 445 0
342 362 0
152 567 1
392 837 2
253 516 1
273 389 0
130 838 0
1 681 1
67 503 1
57 180 0
451 763 0
144 791 2
172 581 0
351 604 0
397 477 2
478 717 0
393 411 2
136 393 2
453 801 0
409 584 2
679 681 1
312 563 1
499 668 0
53 509 0
122 281 2
80 310 1
187 517 2
16 203 0
27 676 0
567 762 2
291 515 1
367 566 2
284 771 1
406 559 1
694 770 1
500 547 0
305 473 1
527 787 2
222 273 2
159 483 0
630 775 0
100 419 0
371 804 2
284 317 1
304 645 0
217 364 2
465 819 2
483 781 2
122 326 2
210 388 0
75 578 0
56 68 1
364 533 2
618 785 0
204 804 0
508 778 0
88 792 0
244 329 2
132 835 2
263 735 2
325 418 0
199 459 0
0 251 1
135 821 0
256 822 2
274 490 2
65 493 0
489 510 0
114 252 2
446 628 0
539 557 0
563 804 1
291 547 1
432 737 0
18 726 0
387 603 2
428 510 1
405 500 0
440 763 1
209 511 1
279 400 1
225 495 2
59 617 0
323 367 0
87 464 0
55 173 1
505 529 0
420 461 0
420 767 1
251 629 2
136 521 1
106 730 2
117 335 1
150 615 1
161 335 0
378 439 2
306 684 1
348 750 0
487 759 2
182 707 2
469 694 2
351 716 1
363 767 1
116 615 2
38 354 1
667 723 1
766 788 1
169 559 2
291 579 1
71 582 0
428 560 1
70 811 2
123 319 0
145 582 0
243 357 2
217 600 0
373 686 1
97 312 2
470 646 2
414 687 0
470 775 1
30 743 0
52 643 2
178 689 0
373 751 1
291 713 2
561 734 2
222 389 0
295 531 2
245 685 2
132 336 1
477 831 0
400 659 0
532 728 1
55 401 1
98 578 1
78 618 2
335 800 1
66 704 0
803 839 0
170 799 1
7 260 1
329 341 2
110 358 1
356 732 2
642 701 1
64 221 2
15 76 2
139 154 1
293 581 2
438 826 0
334 572 2
488 716 0
303 384 1
453 597 0
300 325 0
34 551 0
455 693 1
271 404 1
245 599 0
215 643 0
278 615 1
146 148 0
242 450 1
475 717 1
373 595 1
323 404 2
430 568 2
138 827 1
261 269 2
531 804 0
133 436 2
300 562 0
355 743 0
430 836 1
290 827 1
175 323 2
119 524 1
286 584 0
289 668 0
89 519 0
535 600 1
148 464 1
38 522 2
85 748 1
525 795 2
178 784 1
685 809 1
408 806 2
448 540 2
6 483 2
299 625 2
617 708 0
400 835 2
181 417 1
123 197 0
64 205 1
355 431 0
544 739 2
236 738 0
482 829 2
68 97 1
13 316 1
156 500 1
134 647 0
243 308 2
84 180 0
173 304 0
104 370 0
460 619 0
33 431 0
550 609 1
701 827 0
464 675 0
319 645 0
400 501 2
190 664 0
19 175 1
154 673 0
247 360 2
60 826 0
326 820 2
204 346 2
432 446 2
110 799 1
563 669 0
174 353 1
150 599 2
74 405 0
225 622 1
86 743 2
489 645 0
388 642 0
439 560 0
559 829 1
385 752 1
309 472 2
176 655 0
274 609 1
231 494 1
152 410 2
375 380 1
212 273 0
281 749 1
68 234 2
165 693 2
371 593 2
586 777 0
11 816 0
321 532 2
153 357 1
142 309 1
394 490 2
45 114 0
391 778 1
69 602 2
130 568 0
56 666 1
239 437 2
495 834 0
80 219 1
684 707 0
526 775 1
190 322 1
357 431 2
210 577 0
132 795 0
285 823 0
229 480 2
37 479 2
151 222 2
423 552 2
199 551 0
19 635 1
167 206 2
592 609 0
134 495 0
318 711 0
722 736 1
32 312 2
232 430 0
460 478 0
37 384 1
21 800 0
17 79 0
618 837 1
480 689 1
78 205 0
599 651 0
130 294 2
412 683 0
36 288 0
147 154 2
510 546 0
517 747 2
233 338 1
181 372 2
302 678 2
502 826 2
332 589 1
471 786 0
36 365 2
559 573 0
162 641 2
13 830 1
83 573 1
142 284 2
766 785 2
417 835 0
197 355 1
24 428 1
346 831 2
85 105 0
406 458 0
191 392 0
326 771 0
598 609 2
244 537 0
390 615 1
305 351 2
582 774 2
231 794 0
345 643 1
271 666 2
269 733 1
444 477 0
407 618 0
132 563 2
551 835 0
504 581 1
20 170 0
433 532 2
62 623 2
585 750 0
277 350 2
128 756 0
523 822 0
333 498 1
601 740 2
481 836 1
307 501 0
40 315 0
402 695 2
92 423 2
406 779 2
109 834 2
5 741 2
87 815 2
172 405 2
63 358 0
18 396 1
87 773 0
401 408 0
76 637 1
329 617 1
140 265 0
245 810 2
100 731 2
386 442 1
334 445 0
66 311 1
94 478 1
653 670 0
223 778 1
428 493 1
167 323 2
570 668 2
60 572 0
69 757 0
138 720 1
155 398 0
154 214 1
546 707 1
550 788 2
13 50 0
55 493 0
51 70 2
108 389 1
45 398 2
173 600 0
252 783 2
344 761 0
189 773 1
132 630 1
339 833 1
163 744 1
63 649 2
213 226 1
429 734 0
33 387 1
418 661 0
54 389 0
118 640 0
689 806 1
349 374 2
71 169 0
85 567 1
278 511 0
6 688 0
50 771 1
183 809 2
370 812 0
98 483 0
359 735 0
515 603 2
290 548 2
357 552 1
484 666 0
525 756 2
86 744 0
443 668 0
478 653 1
461 500 2
112 489 0
162 576 1
46 167 2
331 349 2
239 255 0
491 498 1
86 558 1
27 522 1
432 553 1
191 728 2
226 775 1
322 712 2
326 730 2
494 792 2
746 818 2
559 637 2
294 397 0
161 221 1
35 300 2
204 303 0
741 800 0
448 662 1
224 691 1
256 342 1
9 67 0
269 825 0
445 742 1
21 112 0
2 557 2
73 822 2
159 269 2
572 719 2
271 577 1
238 561 1
277 516 2
635 806 0
23 274 2
489 630 1
303 729 0
196 698 2
311 768 0
240 663 2
466 541 0
51 638 0
686 800 0
233 836 1
228 316 0
433 810 0
82 616 1
54 555 2
395 662 2
2 824 0
61 702 1
392 834 0
453 478 1
110 178 1
45 398 1
559 638 1
387 489 1
294 488 0
342 405 0
200 640 0
508 711 2
551 743 1
312 831 1
427 615 2
312 411 2
111 812 1
403 477 0
309 775 0
428 625 1
110 838 2
510 555 0
380 742 0
790 828 2
0 84 1
691 761 0
447 821 1
351 390 0
464 640 0
426 765 1
221 792 1
272 486 0
190 435 0
379 409 1
130 568 2
254 275 2
314 752 0
104 274 1
307 515 2
271 522 1
420 455 0
105 337 2
403 808 1
673 774 0
368 802 2
291 717 2
117 182 1
108 236 1
10 818 1
473 701 0
505 520 2
567 643 1
81 734 1
78 681 2
539 632 2
292 409 1
473 602 2
122 467 2
285 744 1
624 822 1
450 732 0
229 436 2
27 452 2
51 192 1
257 633 2
102 604 2
479 514 2
64 540 0
423 609 2
424 463 0
656 774 1
769 805 1
105 146 1
119 160 1
473 530 1
356 773 1
293 597 1
349 747 1
310 607 1
272 317 1
454 559 0
316 385 2
248 505 1
571 576 0
26 635 1
41 589 1
453 833 0
99 182 0
91 324 1
117 559 1
195 269 1
360 583 2
321 350 0
123 126 1
345 431 0
272 277 2
5 718 0
16 730 1
46 173 2
244 369 2
56 176 0
73 407 2
521 725 1
138 742 1
539 751 1
514 628 0
318 443 1
126 373 0
500 735 1
248 494 2
688 805 1
16 67 2
85 287 1
220 290 1
192 790 1
551 702 0
155 376 2
511 574 1
412 474 1
574 830 1
225 312 1
24 358 1
20 464 0
126 178 1
343 830 2
193 282 0
92 737 0
76 382 0
2 484 0
635 758 1
331 395 1
754 811 1
299 356 1
581 710 1
146 219 0
129 237 2
658 788 1
33 348 0
288 737 1
540 593 0
258 403 2
328 609 2
419 496 2
23 300 0
461 539 0
488 553 2
165 442 0
567 772 2
234 456 1
205 834 1
340 439 0
397 505 1
194 216 2
201 569 2
30 190 2
642 738 1
571 678 2
114 256 2
287 670 1
235 240 2
148 229 1
333 798 0
200 697 2
20 424 0
230 531 0
215 664 0
91 222 0
357 834 1
137 374 2
46 837 1
417 446 1
213 671 2
729 800 2
460 468 1
277 535 2
231 423 2
128 557 2
783 809 1
377 802 1
226 531 1
2 717 0
405 623 2
142 169 0
155 458 0
469 489 0
514 531 0
20 757 2
581 770 2
109 351 0
51 115 1
301 681 1
468 561 1
574 732 0
405 451 1
713 753 2
138 253 1
372 625 0
400 487 1
84 152 0
723 735 0
171 312 0
136 369 1
196 833 1
153 530 0
30 184 1
488 831 2
367 576 1
315 724 1
518 587 2
267 564 2
248 489 1
192 244 1
321 358 0
577 731 2
291 333 0
37 524 1
323 659 0
77 136 0
428 557 2
137 522 1
382 502 2
61 414 0
329 644 0
124 227 1
132 431 2
99 782 1
597 822 0
568 665 1
600 818 0
535 547 1
570 814 2
28 570 2
120 442 1
566 767 2
9 354 2
110 573 2
322 793 2
122 514 0
119 839 1
426 545 2
238 300 2
187 433 2
271 818 1
278 285 2
305 606 2
353 603 2
409 801 2
246 733 1
348 497 1
205 485 1
367 382 1
180 428 0
365 463 2
88 652 2
703 710 2
512 817 1
329 476 2
131 693 2
269 378 1
565 598 0
358 569 2
34 506 2
99 516 1
163 308 2
579 688 2
169 395 2
116 682 2
15 687 2
171 468 2
85 780 2
226 690 1
509 542 1
42 448 0
255 303 1
214 753 1
256 379 1
125 247 1
212 283 1
417 707 0
1 103 0
223 331 1
416 811 0
219 760 0
147 742 0
289 675 2
593 773 1
5 484 2
5 443 1
188 485 0
145 692 2
564 665 1
705 745 1
684 691 1
484 814 0
67 204 1
740 789 2
148 761 1
275 632 2
432 647 2
456 617 1
73 630 2
84 262 1
89 301 0
748 813 0
394 713 1
346 349 1
249 297 0
154 726 1
548 657 1
253 394 0
269 603 1
527 814 1
106 124 1
388 497 2
577 764 2
386 450 2
284 738 0
411 739 1
207 366 0
641 777 0
66 375 1
29 766 1
269 439 0
24 302 0
404 505 0
188 410 0
47 127 2
9 418 2
178 417 2
748 789 0
153 726 1
718 780 2
518 612 0
326 748 0
76 698 0
556 806 0
200 687 2
550 798 2
14 440 1
126 839 2
578 674 1
542 811 2
424 722 1
289 292 1
330 565 1
97 512 0
515 532 0
216 546 1
211 582 2
452 583 2
660 737 2
269 704 1
49 553 2
380 801 1
333 559 0
264 408 0
243 257 1
450 622 1
149 610 1
498 623 2
182 205 1
232 578 2
8 301 2
512 599 1
662 739 2
370 611 0
304 467 1
224 654 2
183 289 0
155 276 2
218 444 2
593 690 2
136 720 1
439 640 0
60 446 1
109 759 2
194 794 2
334 738 1
102 764 2
376 654 2
302 768 1
408 791 1
85 747 0
717 823 2
108 701 1
300 793 1
367 796 1
65 614 1
408 414 1
181 292 0
106 235 1
425 765 0
452 680 1
218 668 1
361 509 2
23 670 0
41 196 2
2 769 0
176 524 1
114 189 2
425 830 1
637 765 1
58 654 2
471 626 1
407 634 0
35 822 2
213 476 0
139 145 2
445 470 2
648 702 2
325 548 0
335 743 1
398 729 1
360 426 0
381 519 0
429 527 1
352 649 2
323 445 0
345 566 0
266 703 1
289 658 0
131 629 2
62 518 0
16 136 0
463 538 1
7 85 0
258 619 2
537 605 2
166 501 2
577 756 2
769 789 1
145 326 1
382 542 0
484 637 0
173 483 2
208 319 0
384 531 0
118 277 0
28 492 2
437 757 0
340 762 1
184 776 2
482 726 1
487 709 1
23 88 1
29 286 2
44 637 2
7 184 0
188 652 1
577 632 0
203 304 0
475 782 2
187 320 2
146 400 1
2 577 0
265 329 0
458 816 0
155 405 1
43 218 1
134 594 1
74 707 1
135 455 2
489 754 0
214 634 0
183 582 0
396 571 1
0 225 0
475 723 2
126 798 2
444 801 0
11 280 0
180 751 1
455 548 2
253 277 2
136 596 1
453 800 1
6 133 2
12 308 0
303 706 2
735 783 1
16 691 2
200 366 0
28 133 2
473 615 1
731 804 2
238 559 0
495 778 1
56 415 0
150 645 0
145 402 0
563 711 1
519 660 1
346 791 1
506 668 2
15 652 0
45 539 2
114 744 2
0 629 0
457 619 1
29 194 2
54 468 0
53 500 1
399 574 0
72 356 0
446 827 0
471 835 1
291 688 2
339 460 0
97 447 1
98 606 1
83 729 1
499 607 2
182 300 1
653 775 1
17 620 2
336 412 1
335 787 1
301 351 2
652 706 0
616 822 0
318 471 2
24 533 0
85 578 0
177 413 0
195 336 2
128 462 1
192 344 2
256 715 1
400 693 0
223 720 0
180 437 1
76 132 0
432 445 0
475 590 0
423 799 2
15 223 1
278 385 0
156 699 0
185 733 2
180 323 1
189 234 0
656 766 0
49 225 1
261 496 1
71 574 0
538 588 1
522 741 0
438 550 0
63 550 0
256 557 1
110 126 2
112 472 2
489 825 1
205 393 1
335 466 2
375 714 0
61 136 2
139 162 1
211 663 0
442 681 2
34 315 2
297 546 2
44 249 0
573 599 0
43 799 0
342 663 1
214 547 0
428 768 1
37 814 2
425 432 1
579 760 2
407 720 1
63 782 0
348 619 0
759 795 0
484 766 0
352 431 0
37 261 2
37 812 0
436 815 0
93 746 2
294 766 2
187 789 0
205 377 1
52 682 1
171 344 0
372 403 1
453 641 1
159 364 0
52 685 1
344 691 2
139 746 1
708 767 0
196 814 1
123 504 2
329 602 1
165 200 1
122 294 0
114 348 1
214 538 2
177 204 2
646 747 2
165 431 2
525 825 2
805 826 1
276 304 0
177 359 1
277 502 2
310 366 2
178 433 1
244 732 2
361 399 2
116 578 1
23 640 1
67 155 2
405 589 0
349 576 2
551 647 1
423 610 2
407 423 0
277 384 1
627 768 0
50 159 2
686 719 0
21 378 2
459 754 1
22 276 1
11 225 0
186 345 1
520 682 1
106 542 0
285 601 1
141 219 0
152 166 2
335 667 0
685 704 0
751 801 2
228 682 0
396 662 1
218 735 0
325 751 0
0 748 1
23 476 1
302 509 2
356 762 1
30 823 1
268 496 0
23 338 0
658 818 1
604 708 2
315 358 0
125 524 1
83 605 2
563 754 1
221 477 1
66 675 0
19 311 1
36 143 2
26 480 2
126 497 1
321 502 1
66 650 2
96 734 1
141 315 2
294 363 1
247 533 2
626 805 2
310 645 0
242 787 2
64 71 1
179 598 2
38 827 0
9 618 2
398 741 0
89 798 2
224 229 2
366 440 0
20 154 2
59 613 0
317 727 1
419 648 1
390 394 0
407 817 2
569 621 2
131 756 1
253 813 0
323 406 0
232 348 2
143 745 1
433 490 0
12 643 1
266 337 1
98 373 0
513 768 0
130 332 1
448 787 0
251 799 1
271 829 2
140 616 0
193 696 2
176 645 0
530 812 2
84 469 1
383 508 1
101 748 2
233 452 1
90 427 1
249 311 0
3 733 2
181 717 1
404 519 1
42 184 1
302 772 1
217 587 2
241 499 2
137 658 0
538 746 1
54 139 2
59 154 2
214 600 1
351 827 0
251 811 1
116 594 0
576 767 0
92 504 1
44 665 0
559 605 0
353 785 1
461 581 0
264 405 1
222 260 2
192 246 1
172 454 1
70 722 2
191 815 1
18 495 1
487 531 0
3 537 1
62 360 2
20 344 0
296 455 0
19 146 1
25 258 1
105 143 0
408 494 0
71 708 1
114 176 2
573 733 0
149 622 2
308 575 2
116 475 0
132 596 1
346 688 2
72 699 0
460 629 1
297 436 0
189 714 2
416 673 2
463 518 0
279 644 1
669 727 0
362 664 1
41 555 0
73 180 0
127 264 0
314 448 0
325 467 1
452 655 0
268 720 2
770 812 0
0 124 1
210 613 2
8 523 0
278 560 1
504 589 0
72 754 1
274 615 2
287 593 0
119 380 2
586 606 0
322 510 2
463 787 0
566 727 1
231 744 0
330 796 0
452 690 0
49 157 2
25 581 0
297 515 0
380 563 0
582 782 2
238 426 1
13 19 2
217 379 1
142 478 1
263 832 1
392 540 0
131 445 1
111 264 2
26 582 0
39 501 2
55 647 1
72 622 0
153 646 2
520 671 1
186 661 2
75 724 1
46 259 2
684 788 0
75 759 2
285 348 2
124 268 2
1 647 2
115 126 2
239 633 1
313 765 0
126 647 1
37 90 2
341 512 0
453 773 1
239 822 2
171 456 0
264 450 1
269 419 0
413 508 2
169 490 0
347 368 2
475 476 0
489 717 1
277 320 2
6 783 0
216 547 1
332 563 2
469 600 1
160 245 0
331 697 2
308 398 1
198 817 2
13 325 0
479 790 1
332 577 2
13 93 0
384 512 2
208 302 2
140 479 1
284 317 2
424 699 0
43 799 1
8 378 2
326 577 0
456 657 1
378 609 2
227 457 2
679 720 0
463 520 2
297 742 1
73 709 2
76 292 1
336 639 0
60 360 2
703 770 0
7 286 2
403 504 0
148 778 0
607 702 0
1 611 1
472 611 2
49 150 1
546 730 0
41 533 0
278 726 0
249 825 2
128 212 0
371 821 0
403 771 2
22 603 2
7 132 0
35 392 0
100 339 2
253 708 0
303 471 1
60 541 1
448 821 2
172 534 0
228 729 2
32 422 2
506 692 0
440 706 1
126 210 1
37 833 1
179 701 1
484 788 1
86 308 2
111 751 2
128 467 0
363 522 1
159 719 0
183 707 0
147 240 2
564 763 2
395 688 1
591 710 2
491 808 0
145 544 0
139 722 1
790 809 1
169 265 1
237 707 2
409 569 0
169 283 0
330 347 0
186 551 0
223 496 2
298 453 1
457 580 2
302 461 2
93 433 2
76 376 1
453 600 2
456 555 0
436 653 0
201 578 1
306 593 1
459 669 2
224 242 1
265 788 1
185 706 1
410 564 2
446 816 2
324 395 2
7 344 2
3 526 1
330 650 1
14 329 0
242 773 0
208 398 1
99 837 0
463 513 0
357 634 1
20 537 2
155 548 0
99 473 2
298 609 1
437 712 0
314 803 2
273 598 2
401 520 1
230 510 1
195 485 0
38 87 2
528 804 0
316 794 1
98 711 0
66 338 0
160 322 2
54 392 2
18 501 1
97 759 0
280 406 0
115 442 2
91 471 0
78 339 0
350 442 0
330 418 0
142 561 0
721 734 1
472 494 0
530 534 2
63 115 0
104 605 1
260 828 0
304 766 0
140 264 2
32 292 2
454 763 0
69 556 0
326 379 1
171 309 0
493 646 1
333 775 1
664 764 0
100 326 1
50 667 1
113 577 0
67 149 1
193 714 2
195 615 1
530 835 0
97 541 0
96 736 2
638 667 0
317 410 0
190 240 2
60 746 1
43 139 2
255 777 2
39 564 2
389 674 2
143 352 0
313 839 0
492 738 2
619 632 1
244 522 1
176 587 2
472 714 2
21 548 0
192 736 0
162 771 2
212 685 1
65 106 2
418 567 1
389 707 0
80 288 1
567 578 0
372 403 2
220 796 1
571 650 0
141 386 2
467 771 2
331 568 0
40 407 1
6 159 1
150 264 0
244 692 1
63 184 1
751 757 0
63 142 2
471 547 0
34 655 1
420 686 1
121 574 1
202 226 2
471 705 2
117 539 1
78 663 0
179 243 0
621 801 2
390 647 2
360 624 2
509 526 0
684 776 1
419 551 2
359 656 2
375 826 0
726 749 2
345 685 0
80 757 0
463 594 2
94 517 1
37 329 0
253 268 1
120 267 0
361 419 1
192 243 2
236 637 0
52 123 1
479 514 0
208 237 1
131 606 2
641 665 1
494 701 1
60 735 2
417 692 2
456 826 1
336 450 0
111 806 0
688 804 2
152 826 1
71 91 1
533 723 1
329 413 2
483 783 1
249 719 0
136 382 2
536 811 1
162 763 0
440 590 2
63 146 0
199 834 0
102 230 1
731 786 1
402 516 0
249 326 2
730 783 1
186 760 2
181 426 0
44 324 0
50 406 1
141 234 2
214 716 0
101 581 2
684 820 1
498 582 2
402 646 0
240 312 0
249 471 1
90 754 2
171 325 0
670 814 1
112 583 0
538 549 2
416 830 1
733 791 0
210 709 1
79 476 2
128 617 2
199 508 1
45 121 2
506 702 0
81 336 0
134 317 2
345 775 0
544 661 1
70 361 2
334 442 0
282 710 0
117 400 1
262 585 1
530 609 1
476 806 1
437 776 2
15 334 1
416 481 2
190 757 1
7 476 0
177 410 1
484 784 0
313 664 0
247 691 1
31 507 0
283 608 1
65 163 2
178 452 1
315 444 2
271 310 1
350 628 0
12 800 0
169 780 1
167 441 0
37 264 1
80 761 1
11 434 1
190 697 0
86 429 1
61 739 1
287 461 0
90 168 0
238 612 0
380 424 0
117 689 2
276 548 2
223 250 2
54 376 1
435 710 2
152 221 1
440 710 0
51 635 2
611 682 0
109 133 0
104 657 0
19 421 0
275 502 2
48 147 0
327 820 1
428 714 2
293 314 1
286 526 0
160 323 2
47 111 0
440 596 2
488 775 0
441 450 0
355 414 0
183 472 0
832 838 0
405 621 0
430 557 0
38 466 1
418 483 1
106 556 1
700 820 2
182 412 1
55 606 0
262 386 2
188 237 2
605 630 0
153 219 1
74 409 2
191 713 0
311 824 1
276 604 2
475 551 1
353 492 0
260 724 1
10 728 0
442 792 2
523 700 0
82 718 2
228 481 1
231 352 2
219 696 1
138 479 1
187 300 0
531 575 2
20 601 1
716 833 1
100 673 1
7 30 2
235 484 2
378 470 2
185 298 1
704 740 0
581 649 0
268 280 1
82 489 0
47 198 1
266 622 0
630 696 0
673 740 2
162 262 1
377 572 2
431 732 2
339 660 2
38 265 2
354 649 2
178 520 1
90 483 1
494 777 0
349 803 0
532 747 0
467 565 2
277 639 2
182 679 2
755 785 2
505 682 2
811 824 1
21 594 0
77 529 0
156 264 2
241 838 0
558 625 0
406 783 1
113 763 1
6 606 0
344 486 2
370 428 1
125 401 1
650 755 0
551 751 2
292 387 1
15 300 2
132 791 1
359 395 2
398 715 2
147 419 0
636 813 2
678 692 2
766 835 2
102 697 2
264 528 0
33 781 0
381 642 2
151 810 2
370 682 1
48 219 2
362 802 1
411 683 0
455 537 0
487 817 0
654 776 1
102 131 0
700 743 2
325 825 2
223 553 0
158 213 1
143 322 1
418 817 0
31 275 2
264 794 2
545 547 0
308 501 1
51 319 1
183 289 0
434 728 0
314 680 0
58 239 0
23 466 2
257 643 2
494 649 2
108 679 1
536 641 1
547 836 2
132 533 2
308 418 1
21 777 0
347 589 1
79 809 0
712 787 2
650 673 0
157 397 2
17 315 2
286 805 1
27 148 0
202 560 0
282 359 1
195 507 2
148 788 0
30 272 1
61 648 2
487 530 1
352 712 1
1 274 2
161 426 0
103 566 1
64 183 1
372 681 2
247 411 0
236 410 2
30 382 1
82 776 2
572 644 0
225 367 1
164 232 1
392 833 0
366 608 0
319 493 2
218 578 2
430 611 2
84 516 2
375 805 0
96 331 1
531 620 0
51 354 0
20 277 0
190 328 1
466 473 1
479 748 1
270 447 2
111 836 0
105 544 2
25 326 1
226 635 2
394 576 1
662 750 0
273 343 1
208 554 2
444 522 2
542 728 2
311 369 2
260 534 1
470 819 0
244 576 2
302 775 1
136 804 0
116 798 0
95 609 2
447 642 0
393 580 0
108 567 1
560 619 2
284 549 2
246 425 2
246 713 1
277 672 0
662 750 1
632 728 0
98 509 2
70 603 1
222 622 1
13 284 1
568 706 2
577 717 2
155 392 0
106 212 2
713 785 0
18 71 1
567 835 0
752 783 0
340 379 1
369 731 2
691 751 2
365 433 0
656 669 1
406 736 1
728 732 0
574 765 2
777 828 0
315 454 2
108 811 0
538 755 0
54 291 0
212 435 1
511 592 2
291 592 2
51 127 2
229 435 2
255 624 1
155 412 1
84 681 0
173 261 2
242 272 1
234 611 0
391 551 0
422 736 0
634 747 2
253 759 2
177 686 1
52 632 0
334 777 0
227 301 0
145 831 2
698 733 2
388 685 0
29 261 1
244 484 1
361 404 2
46 629 0
84 307 0
119 590 2
315 708 0
453 618 0
79 206 1
47 253 1
80 247 1
366 573 2
552 604 0
353 506 0
209 585 2
142 646 0
145 770 1
144 339 2
246 316 0
340 361 1
573 769 1
326 618 1
579 820 1
490 516 2
358 388 1
546 764 1
422 623 0
91 607 1
284 425 1
595 639 0
474 523 0
510 552 0
496 659 0
99 430 0
239 549 1
436 723 0
245 488 0
54 269 1
54 464 1
11 807 2
259 314 0
287 399 2
22 200 1
115 443 1
23 764 1
253 625 0
138 806 2
155 296 1
113 485 1
260 728 1
207 649 1
711 748 1
585 829 2
298 796 0
109 183 2
174 540 2
254 640 2
52 584 1
334 511 0
645 839 2
52 731 0
352 404 1
238 815 0
413 652 2
123 602 2
17 297 0
79 165 2
302 315 0
171 235 1
236 761 1
422 808 1
199 489 0
389 546 1
426 580 2
239 574 2
282 787 0
370 787 1
306 473 1
312 729 0
243 466 1
104 615 2
129 531 0
542 760 0
449 806 2
289 543 0
65 811 0
147 428 2
150 245 1
168 733 0
89 714 2
102 449 0
342 560 1
323 440 0
383 694 2
104 474 2
526 634 2
20 608 2
229 570 0
159 344 2
307 447 2
372 385 0
394 625 0
204 558 2
111 782 0
394 836 0
298 431 2
661 833 2
230 503 2
384 432 1
187 825 0
132 463 1
162 507 1
13 50 2
267 394 1
618 684 2
495 690 1
42 201 0
328 732 0
173 229 0
435 564 1
419 706 2
180 350 0
102 603 0
31 478 1
109 733 2
294 583 0
399 762 2
61 513 1
96 466 1
2 759 0
89 188 1
420 834 0
190 736 2
435 516 1
50 126 0
173 334 0
238 520 1
136 689 1
255 706 0
10 142 2
119 369 0
125 161 1
375 410 0
64 370 0
344 634 1
52 346 1
210 395 1
52 738 1
480 833 1
475 536 2
327 432 2
527 676 0
550 707 2
300 459 1
330 434 1
303 734 1
85 384 2
577 743 2
804 823 2
378 546 0
66 508 0
650 727 1
44 263 1
329 595 1
353 562 2
54 376 1
415 510 1
53 562 2
228 408 1
38 471 2
75 745 1
121 471 1
3 111 0
763 771 2
62 794 2
504 606 1
767 833 1
339 342 2
361 470 2
30 484 1
51 123 0
61 381 0
694 745 2
295 598 1
154 802 1
358 829 1
367 477 0
341 477 2
280 827 0
512 616 0
29 819 0
445 793 0
308 762 0
373 508 1
301 694 2
0 606 2
359 490 2
17 173 0
187 198 0
663 691 0
357 666 0
14 49 0
290 438 1
702 811 1
274 826 1
638 774 2
507 806 0
215 659 2
24 65 0
253 435 0
71 358 1
201 228 1
328 789 2
76 427 0
497 742 0
63 835 0
36 259 2
74 293 0
159 658 2
310 561 2
367 605 1
164 765 2
347 451 1
219 394 2
41 207 1
422 781 2
64 493 2
450 828 0
50 631 0
17 527 1
25 640 0
82 274 0
493 719 0
128 557 1
74 498 1
579 704 1
734 795 2
14 318 1
252 382 1
33 650 2
167 715 2
479 702 1
349 447 0
237 352 1
176 583 2
374 798 1
347 396 0
226 625 2
85 517 1
174 695 1
49 815 1
199 614 1
57 657 2
461 775 2
131 747 1
310 443 1
444 645 1
303 433 2
331 839 0
67 197 0
170 654 1
270 348 1
321 414 1
159 587 1
689 814 0
323 670 1
362 690 2
111 359 0
563 602 1
313 429 1
124 582 0
115 660 0
139 190 2
289 446 2
273 788 2
78 652 1
168 430 0
253 712 2
95 221 1
98 522 0
38 97 0
431 466 0
348 754 1
344 764 1
69 384 1
247 653 2
317 517 1
319 640 1
10 485 2
274 533 2
214 716 0
456 809 1
114 236 0
301 563 0
163 578 1
37 600 0
220 560 0
111 683 2
11 544 2
620 750 0
67 396 0
117 766 1
206 523 2
269 273 2
572 809 2
126 578 1
175 740 0
247 630 0
496 548 1
726 786 0
383 787 2
326 826 1
508 642 2
115 455 1
143 171 0
174 839 2
424 639 0
322 700 2
178 613 0
425 707 2
45 339 1
280 825 2
630 778 2
318 320 1
606 787 0
122 293 2
132 441 2
330 721 0
678 727 2
122 626 2
186 661 2
157 445 1
107 580 1
81 580 2
205 538 1
290 724 0
21 418 2
268 821 0
215 716 1
511 519 0
193 279 0
750 816 2
263 427 0
146 600 2
41 483 0
183 266 1
252 512 1
173 198 2
387 661 1
202 774 0
262 307 0
676 693 0
330 598 1
94 342 1
11 97 0
62 602 0
91 457 2
121 297 0
343 509 0
340 574 1
325 626 0
433 681 0
788 813 1
452 763 0
12 579 1
236 356 0
129 648 2
265 756 1
40 304 0
314 789 1
193 617 1
103 807 2
467 541 0
515 578 0
471 485 1
94 539 2
98 659 0
348 774 0
483 765 1
10 273 0
6 34 0
422 703 0
56 793 2
54 581 0
11 831 2
115 577 2
97 705 1
171 312 2
352 774 0
568 641 1
52 647 0
384 761 2
253 757 2
620 784 0
727 770 0
66 182 0
319 456 0
45 347 0
204 818 1
37 515 1
725 797 0
43 447 2
394 642 2
305 817 1
338 672 0
10 309 1
493 689 2
191 468 2
712 792 1
173 520 1
322 536 2
132 689 2
27 448 0
111 820 2
20 374 2
704 713 1
84 762 2
348 494 1
608 809 0
68 633 1
102 340 1
1 51 0
31 107 1
71 535 2
42 597 0
32 202 2
69 511 1
340 482 2
788 802 0
421 639 0
22 415 2
649 825 0
187 682 1
46 708 1
293 783 2
396 504 0
817 818 0
354 543 2
12 78 1
77 554 1
296 835 0
63 196 1
598 787 2
1 712 1
384 720 1
184 207 1
29 197 2
120 183 2
297 649 1
384 429 0
558 560 2
99 142 2
58 420 1
250 586 2
203 524 2
195 654 0
110 835 0
481 773 1
367 401 2
428 826 1
76 176 1
94 120 2
126 524 1
289 592 0
269 300 2
140 191 2
424 804 1
601 815 1
549 805 2
238 795 1
218 502 1
177 520 0
410 594 1
337 537 1
352 467 1
135 145 0
235 740 0
455 752 2
237 322 2
61 444 1
284 745 0
265 770 1
183 716 2
48 193 0
740 786 1
469 728 1
12 640 2
269 497 0
39 620 0
209 739 0
110 198 0
27 459 1
27 582 2
40 521 0
470 670 1
175 197 0
36 620 1
628 772 1
252 304 0
65 405 1
189 725 0
594 713 1
189 372 2
141 310 0
510 738 0
135 534 0
341 691 2
46 498 0
205 694 1
122 579 1
123 175 2
94 270 2
41 48 0
90 228 2
125 462 0
190 332 1
379 531 1
113 320 0
169 592 2
636 721 2
345 624 0
180 722 2
613 718 2
211 488 1
585 805 1
669 825 2
237 512 0
505 795 1
168 343 0
275 296 1
482 763 1
567 790 0
392 839 1
221 370 2
293 659 1
110 288 2
532 832 0
339 619 2
127 518 1
517 618 1
645 827 1
294 820 0
115 697 2
302 496 1
315 526 1
466 608 0
323 654 2
87 521 2
177 599 2
465 671 2
159 555 2
175 641 1
251 489 0
277 684 1
83 215 0
415 833 1
514 653 2
540 696 1
126 724 2
175 304 0
681 773 2
28 794 2
505 697 2
749 819 0
313 513 1
359 490 0
203 288 0
122 333 2
497 780 1
421 498 1
90 436 1
216 810 1
200 251 1
91 836 1
64 157 1
108 437 2
159 697 0
554 691 2
9 778 2
224 248 0
198 421 0
265 509 1
674 739 2
355 682 0
146 186 0
89 382 0
129 393 0
338 635 2
305 675 1
407 592 2
289 614 2
14 660 0
378 491 0
41 564 0
190 456 1
272 377 0
71 569 1
129 229 1
25 75 0
518 728 0
360 520 2
225 561 1
143 310 1
47 129 2
182 284 0
296 298 2
378 444 1
138 493 1
194 713 1
95 430 2
8 814 1
517 697 1
210 602 1
160 361 0
539 815 1
152 261 1
594 751 2
337 397 0
505 768 1
565 703 1
56 562 1
208 298 0
715 745 1
295 556 2
118 613 0
87 581 1
382 577 1
51 258 0
114 520 1
476 749 0
165 434 0
340 430 0
508 778 2
434 528 0
332 393 1
375 491 0
140 562 1
101 116 2
300 563 1
541 777 1
792 820 2
158 360 0
651 734 0
22 569 1
118 820 2
292 483 0
283 640 1
233 373 2
93 296 2
11 35 0
165 229 1
257 437 0
560 641 0
183 379 2
36 298 2
11 194 1
312 567 0
536 759 1
223 741 0
75 298 0
240 512 2
193 484 1
785 839 0
576 609 0
517 687 0
28 304 0
475 707 2
7 380 2
386 434 0
107 347 1
375 385 2
477 791 0
288 435 1
227 621 0
57 406 2
279 577 0
375 831 0
667 702 2
628 654 1
36 419 2
317 715 2
237 598 2
18 746 2
109 271 2
23 183 0
374 750 0
606 622 2
87 261 0
430 709 0
517 682 0
144 575 0
782 803 1
62 381 0
485 803 1
251 809 0
224 433 1
623 749 0
251 257 0
374 435 2
455 721 1
137 697 0
148 740 1
389 644 0
227 562 2
655 675 2
584 716 0
293 617 2
536 735 1
359 392 0
55 438 0
353 544 1
341 449 1
679 744 1
353 644 0
576 677 0
725 788 0
385 518 1
33 55 1
80 278 1
305 500 0
362 527 2
686 761 2
75 483 1
68 390 1
454 661 0
214 216 2
69 557 2
412 797 0
54 441 2
177 336 0
587 751 1
133 207 0
451 817 1
106 355 1
620 728 1
204 244 0
132 522 1
541 732 2
263 629 0
599 806 0
613 628 0
126 465 2
195 546 1
567 773 1
57 153 0
322 452 0
360 792 1
223 548 2
140 355 0
539 799 0
165 523 2
38 373 2
716 771 2
324 697 0
401 716 0
15 409 0
584 634 2
513 588 2
181 562 0
304 764 0
682 741 1
495 715 2
621 838 2
292 419 0
453 647 1
322 631 1
444 766 0
825 836 2
380 630 2
99 366 1
364 620 1
624 728 2
363 511 1
556 712 1
183 593 0
17 171 1
118 233 2
306 817 0
107 386 2
503 541 0
18 250 2
77 495 0
398 657 2
249 398 1
468 586 0
87 587 0
7 335 0
43 498 0
121 122 0
134 334 0
587 747 1
162 727 1
313 368 2
692 694 1
136 763 0
445 468 0
474 622 0
175 289 2
520 574 1
69 551 1
173 547 1
366 376 1
1 378 0
540 557 2
820 831 0
18 435 0
117 538 1
537 696 0
25 429 0
79 497 2
511 826 2
108 208 1
743 758 1
596 776 0
691 795 2
170 271 0
553 620 2
469 713 0
263 394 0
380 523 2
252 421 1
285 411 2
217 370 1
345 615 0
219 719 2
439 569 0
423 636 0
385 790 1
311 664 2
10 780 1
118 733 1
359 712 1
307 568 2
520 794 1
86 448 1
109 742 0
301 499 2
248 467 0
236 329 1
250 792 0
234 311 0
64 381 1
429 581 2
462 597 0
113 353 0
180 606 2
69 232 2
2 73 0
95 134 1
254 281 1
50 238 0
38 219 2
520 725 2
121 248 2
252 779 2
181 612 1
178 432 0
202 240 0
48 316 0
19 504 1
14 252 1
86 442 0
60 387 1
26 770 0
477 722 2
668 669 0
488 650 2
400 488 1
85 580 1
604 832 0
391 805 2
1 79 0
46 320 2
399 817 2
369 563 1
786 819 1
493 722 0
36 116 1
232 541 0
694 709 2
103 184 1
48 436 1
31 608 1
302 513 1
260 524 1
100 221 2
334 348 0
28 143 0
179 832 1
524 579 1
291 307 1
207 334 2
244 605 2
447 680 1
324 370 1
402 475 2
556 567 2
333 383 2
448 634 1
403 613 1
406 513 1
76 298 1
219 819 1
458 658 0
179 766 1
322 699 0
322 373 2
453 529 2
255 754 1
342 712 1
601 733 2
3 408 1
455 547 1
245 835 2
85 199 1
763 766 2
738 835 1
82 640 2
468 717 1
210 479 2
440 655 2
86 385 0
611 665 2
73 286 0
116 538 2
253 777 0
561 770 1
382 471 2
90 378 1
143 398 0
146 241 2
137 138 2
117 134 0
19 385 0
260 355 0
687 744 0
98 686 0
305 658 0
183 749 2
23 314 2
57 184 2
295 312 1
377 826 2
554 693 2
100 226 1
238 599 2
410 797 2
564 824 0
282 507 0
604 649 0
31 325 1
83 456 0
370 482 0
617 833 1
354 716 0
193 580 2
456 676 1
463 757 1
534 595 1
236 465 1
493 557 1
27 665 1
551 559 1
548 801 0
147 313 0
385 683 2
99 717 0
99 256 2
135 633 1
411 707 1
166 495 1
185 532 1
314 775 0
184 337 0
106 317 0
381 827 1
440 522 1
18 190 2
686 692 2
320 434 2
177 328 0
549 718 1
120 507 2
699 719 2
178 629 0
428 704 2
497 659 0
325 648 0
383 822 2
72 811 0
398 742 2
288 641 0
215 776 1
164 425 2
391 523 1
421 629 0
242 616 1
39 387 1
357 456 1
606 705 1
391 800 0
310 355 1
403 405 1
770 789 2
491 718 2
264 611 1
390 770 1
122 665 0
206 664 0
137 241 0
183 308 2
676 799 2
319 800 2
474 641 0
421 467 2
347 830 0
148 607 0
292 295 0
46 808 2
80 519 0
378 801 0
227 555 0
376 613 2
542 677 1
243 747 1
191 663 2
63 237 2
165 701 2
487 728 1
379 544 0
324 789 1
91 791 1
78 386 2
640 689 0
645 827 2
205 391 2
243 396 1
445 655 0
730 733 2
26 124 2
92 399 0
144 573 2
289 550 2
95 111 2
513 742 0
101 675 2
194 665 1
221 621 0
98 166 2
664 770 0
52 484 2
4 204 2
219 820 1
62 566 2
122 175 0
5 694 0
181 440 0
171 238 0
95 792 0
81 108 2
278 557 1
360 560 0
310 591 1
350 621 0
454 767 0
128 819 2
500 678 2
299 470 0
440 823 0
201 712 2
320 450 0
299 401 1
265 600 2
389 651 2
50 655 1
216 529 2
485 583 2
408 460 1
172 526 1
314 542 0
444 572 2
218 273 2
24 752 2
496 559 0
58 233 2
412 819 0
364 717 1
26 117 2
188 395 1
363 488 0
146 504 0
499 633 2
384 485 0
139 570 1
372 550 0
126 594 1
388 446 2
392 567 2
33 729 2
557 589 2
129 322 1
401 837 0
184 768 2
154 236 2
182 424 2
115 227 1
255 515 1
79 658 0
394 421 0
250 437 1
725 805 1
103 205 2
64 827 1
522 560 2
340 396 2
59 195 1
73 655 2
607 678 2
369 583 2
498 771 2
192 765 1
48 161 0
307 663 2
299 495 1
560 576 0
479 820 2
530 634 0
370 693 1
30 342 2
431 579 1
160 298 0
613 740 1
499 640 0
161 326 0
221 551 1
527 791 2
439 485 0
409 784 1
261 414 2
505 580 0
663 765 1
174 442 1
725 832 2
26 613 2
331 824 1
181 339 0
262 559 0
54 144 0
457 461 0
153 463 0
691 721 2
111 326 0
339 675 1
175 503 1
188 396 1
78 281 2
544 808 2
310 716 1
120 347 0
13 804 2
487 639 0
180 314 1
236 260 1
308 447 2
184 661 2
427 663 2
90 576 0
451 454 1
77 439 2
298 655 0
614 626 2
131 766 2
201 765 1
409 662 0
204 756 0
254 798 2
385 492 1
65 626 2
18 471 2
148 506 2
157 688 2
84 436 1
241 387 2
34 734 0
240 287 1
181 638 0
474 554 1
597 763 2
62 130 0
50 754 0
303 343 2
121 160 0
428 615 0
512 544 0
87 432 1
230 469 0
320 485 0
361 743 1
418 521 1
422 764 2
669 726 1
98 516 0
308 346 0
62 437 1
155 233 0
514 809 2
196 697 0
47 773 1
218 271 1
137 234 0
356 686 2
389 695 2
519 657 2
441 637 2
28 767 0
554 828 2
210 461 0
22 468 0
310 679 1
0 210 0
118 518 0
65 207 1
527 810 0
225 637 0
276 481 1
428 569 2
323 578 0
471 728 1
599 659 2
438 727 2
31 585 0
687 798 2
199 620 2
448 481 2
57 506 2
266 338 2
528 801 1
539 633 0
216 648 2
316 554 1
605 727 2
241 792 2
35 502 0
165 606 1
468 493 2
370 753 0
336 438 2
85 707 0
305 804 0
571 801 0
364 831 2
221 536 0
337 440 0
401 720 0
75 640 0
268 325 1
138 256 1
1 682 0
364 514 1
305 448 0
44 696 2
651 808 0
198 540 0
506 598 0
92 484 2
620 688 1
268 461 2
379 671 2
489 665 2
50 590 2
426 686 2
249 619 2
283 790 0
84 301 2
604 784 0
118 637 0
340 413 2
247 260 2
77 91 2
136 731 2
43 84 2
163 276 1
176 263 1
199 384 1
195 667 2
161 797 2
750 839 2
155 838 2
117 676 2
151 269 0
30 100 1
271 706 0
29 505 1
93 509 0
632 665 2
333 533 1
213 665 1
640 744 0
301 494 0
109 703 0
498 708 1
65 622 2
337 416 0
309 347 2
275 462 2
73 471 0
68 304 0
5 289 2
77 337 0
230 805 2
329 494 2
8 184 0
29 331 0
8 472 1
49 461 1
65 80 2
193 568 1
437 484 0
51 833 0
705 778 1
172 546 2
223 331 0
255 433 2
724 819 1
104 397 1
85 711 0
370 425 2
71 578 2
40 825 1
153 320 1
340 362 2
548 741 1
145 345 1
470 477 1
382 659 0
194 247 2
78 287 2
248 452 1
400 816 2
404 485 0
66 230 1
70 735 1
311 494 0
251 464 2
144 816 1
524 576 1
364 579 0
711 750 0
440 803 0
234 341 1
11 724 0
129 599 1
330 795 2
7 715 0
255 573 0
348 826 2
126 609 0
163 400 1
327 371 0
371 797 1
231 596 2
166 615 1
442 601 1
281 424 1
62 688 2
357 776 1
55 487 2
333 732 1
106 640 1
161 772 1
49 274 0
496 731 0
254 559 0
556 589 2
226 404 1
196 497 1
222 812 2
219 786 0
692 739 2
739 821 0
34 542 2
48 342 1
420 833 0
714 799 1
72 399 2
26 296 0
22 809 0
272 836 2
291 383 1
147 682 0
432 641 1
612 712 0
118 254 2
419 721 1
68 420 2
325 659 2
119 558 0
159 270 0
237 683 1
127 431 1
130 730 0
201 801 0
76 469 0
618 834 1
548 728 1
62 563 2
43 182 2
445 665 2
420 820 0
309 541 0
244 540 0
88 538 1
305 490 1
553 622 1
264 526 1
34 396 1
474 486 1
82 536 0
220 807 1
327 790 2
304 357 0
146 260 1
260 426 0
404 507 0
491 806 2
1 520 1
53 310 0
357 435 1
32 640 0
433 803 1
677 737 2
405 455 0
280 625 0
32 721 1
222 758 0
561 835 1
185 327 2
171 359 2
538 802 0
501 818 2
455 721 1
584 831 2
522 539 0
537 549 2
398 801 1
619 787 0
157 397 0
214 696 0
345 519 2
253 713 0
651 820 2
496 595 0
98 283 0
111 190 0
46 587 2
19 302 0
301 735 2
233 649 0
155 238 1
163 575 1
306 605 1
125 202 2
538 636 1
28 740 0
85 729 1
486 686 0
536 677 0
280 628 2
285 819 2
582 820 1
48 481 2
345 530 1
102 781 1
239 777 0
377 691 1
676 814 2
48 715 0
374 470 2
304 511 2
308 690 1
460 823 2
116 395 1
339 748 0
584 628 1
152 806 1
529 715 2
258 376 2
63 468 1
237 431 1
264 810 0
290 674 2
367 382 1
106 683 0
407 761 1
302 796 2
330 351 1
295 601 0
418 812 1
316 783 1
105 831 2
400 761 2
409 431 1
134 645 1
692 824 1
452 821 0
475 724 0
268 786 0
163 234 1
790 824 2
216 383 2
146 831 0
99 797 0
21 241 1
25 480 2
481 647 0
529 690 2
207 467 0
358 406 2
202 528 1
549 832 2
566 574 1
219 291 2
434 526 1
586 806 1
244 464 2
273 362 0
706 769 0
355 704 1
6 523 1
267 794 0
96 830 1
3 672 2
201 289 0
350 394 1
219 432 1
74 459 1
415 773 0
477 822 0
118 562 1
231 626 1
53 772 1
74 738 2
2 229 0
239 677 1
590 641 1
84 527 0
26 186 0
118 258 0
7 631 2
127 220 2
354 416 2
62 416 2
703 733 0
597 651 2
128 379 0
146 484 2
101 652 0
337 458 0
79 215 2
43 757 1
437 706 0
3 389 0
40 286 0
339 521 0
155 323 1
183 670 2
433 540 0
241 282 2
626 793 2
348 554 2
362 537 0
339 827 2
129 518 0
30 726 0
70 801 1
106 313 0
282 368 0
44 602 1
600 795 0
88 281 1
651 797 0
138 801 1
17 85 1
725 780 2
514 685 0
223 456 0
37 246 0
93 495 0
662 716 1
369 831 1
195 376 2
507 549 1
221 800 0
423 746 1
0 57 2
353 528 2
127 686 0
203 476 2
58 699 1
10 232 1
282 617 0
94 235 0
89 150 2
452 498 1
271 378 0
66 211 2
311 640 1
15 820 1
5 799 1
282 532 2
99 656 2
738 821 2
183 520 2
99 540 2
352 487 0
344 798 1
561 667 1
89 591 0
214 218 1
579 745 2
355 737 2
63 647 1
418 620 1
330 344 1
77 588 0
300 318 1
115 825 1
3 463 2
102 641 0
46 561 1
706 711 2
589 757 2
250 332 0
520 659 1
107 790 2
186 589 1
303 313 1
279 517 2
235 478 2
127 590 0
125 547 2
25 99 0
204 640 1
51 341 0
288 730 0
43 656 0
94 400 0
287 315 1
772 831 2
128 762 1
270 443 2
171 392 1
179 466 0
669 827 2
484 570 0
268 590 0
127 585 0
21 776 1
264 591 1
499 643 2
65 106 1
31 91 2
119 500 1
433 702 1
382 727 2
227 406 0
615 752 0
104 450 1
120 595 1
243 245 0
10 720 0
507 716 1
599 825 2
152 452 1
120 178 1
23 242 1
0 475 1
305 424 2
594 649 1
479 594 2
205 415 1
137 453 0
184 207 0
70 790 2
83 603 1
378 490 1
159 784 2
698 716 0
258 321 0
229 668 0
377 563 1
323 568 1
349 533 1
656 679 1
256 424 2
685 801 2
661 747 2
589 592 0
405 725 1
71 368 0
2 833 0
170 815 2
43 304 2
1 56 2
169 453 1
181 327 2
387 589 0
545 711 1
564 805 1
421 787 0
137 274 0
412 755 2
488 772 0
233 298 2
259 579 1
687 722 2
381 795 0
257 420 2
198 557 2
656 705 2
717 739 0
93 251 1
288 833 1
97 396 2
399 729 0
38 298 1
383 717 2
216 398 0
523 541 2
377 491 0
63 822 2
525 609 0
203 770 2
169 463 1
229 298 2
41 113 2
238 426 1
237 742 2
464 518 0
176 205 2
375 556 0
19 673 2
333 699 0
589 622 0
306 817 2
342 570 0
302 538 0
206 530 1
310 790 2
359 524 1
333 711 2
430 701 2
297 745 0
651 658 0
109 568 0
123 522 2
674 821 0
291 652 1
81 508 0
533 752 2
22 214 0
14 340 1
451 464 0
627 635 0
282 701 0
139 457 0
428 433 1
188 221 1
381 698 2
372 549 1
190 385 2
426 504 1
668 807 2
239 431 1
154 489 0
71 99 0
175 245 2
265 466 0
21 483 1
32 649 2
386 691 1
38 219 1
523 798 2
618 665 2
24 349 2
233 819 2
69 575 1
102 367 2
196 246 2
123 416 2
247 773 2
182 561 1
87 454 2
103 638 0
146 801 1
301 365 2
429 819 2
593 696 1
601 682 0
705 713 0
466 584 2
45 761 0
7 329 1
574 758 2
288 704 1
407 690 1
77 381 0
206 559 0
135 352 0
1 677 1
104 830 1
296 498 0
380 512 0
284 571 0
78 573 1
90 110 0
297 429 2
147 792 2
490 726 1
684 807 1
772 830 2
87 222 2
53 90 1
447 576 1
395 799 1
11 347 2
261 353 0
468 638 0
373 724 2
317 512 2
708 719 2
10 502 0
186 348 1
443 571 1
204 221 2
577 799 0
413 458 2
203 782 0
285 518 2
43 490 2
245 674 0
53 395 1
54 612 2
18 269 1
116 399 0
112 462 0
310 793 1
43 676 0
617 780 0
630 716 2
152 362 2
565 581 1
182 583 0
175 627 2
7 452 1
224 551 0
494 602 1
266 322 0
98 450 1
598 802 2
256 389 1
495 786 2
180 800 2
400 510 1
381 814 0
145 157 0
591 791 2
62 142 1
296 600 1
53 562 2
5 354 0
665 737 2
569 720 1
313 603 0
295 694 1
349 616 2
524 595 2
626 752 1
330 362 1
454 700 2
311 634 1
211 382 0
377 775 2
211 744 0
230 387 1
413 516 0
4 553 1
269 682 1
79 769 2
359 374 0
493 554 0
430 554 0
573 732 1
264 404 1
234 558 1
213 440 2
66 798 1
600 736 2
152 715 2
480 552 0
412 501 1
112 404 2
449 732 2
575 733 2
191 335 2
241 507 1
607 659 2
117 422 1
124 684 0
185 772 2
171 385 1
268 318 1
507 732 0
273 693 1
457 673 0
64 71 0
147 749 1
88 307 1
109 797 1
355 567 1
277 636 1
490 761 2
15 341 2
219 406 0
225 721 1
233 599 2
762 831 0
276 437 0
114 509 2
119 330 0
621 647 2
460 820 1
318 771 1
