1250 6060
65 420 2
290 813 1
770 1011 0
665 885 1
5 1138 2
510 706 2
489 658 1
114 815 1
18 317 0
424 893 2
249 1042 0
122 163 0
839 1193 0
21 959 2
165 779 2
457 458 1
119 1099 1
515 1222 2
386 457 1
409 1138 0
237 474 2
734 1228 0
360 856 0
619 1065 1
47 1065 1
556 915 0
241 443 0
557 793 2
798 941 1
276 710 1
936 1001 2
329 956 0
68 319 0
98 154 0
531 660 0
103 478 0
22 88 1
943 1221 0
984 1095 0
107 747 1
185 818 1
93 794 1
357 830 0
900 1034 0
5 1076 1
566 854 1
157 1172 1
292 602 1
398 704 2
640 1168 2
346 514 2
38 714 0
275 680 1
403 790 1
101 109 2
423 608 1
614 751 0
174 753 1
909 910 0
508 850 1
157 1227 0
502 679 2
594 605 2
166 266 2
242 1160 2
41 915 1
143 686 0
361 552 0
1 1207 2
631 954 2
539 1247 2
34 789 0
581 641 2
212 488 1
401 806 1
439 1232 1
379 1227 1
631 701 1
177 1152 0
332 1027 2
370 680 1
1010 1087 2
228 379 0
560 790 0
688 777 2
481 901 2
73 468 1
990 1019 2
942 1151 1
225 501 0
751 1186 0
312 737 2
739 1170 1
422 683 0
48 248 0
709 744 2
422 1056 0
169 1137 1
25 40 2
944 1152 1
89 383 0
65 1041 2
933 986 2
335 889 2
350 854 1
294 554 1
577 1046 0
364 625 0
795 987 1
925 1004 1
47 113 2
708 905 2
776 905 1
669 995 0
42 1153 0
94 512 1
740 1175 0
1048 1114 0
111 875 1
722 927 0
779 1137 0
303 1203 0
456 1128 1
919 1061 1
512 937 0
94 906 0
283 1221 0
268 598 2
857 931 1
228 1099 1
232 1151 1
38 622 2
122 1041 2
458 669 1
753 830 1
270 966 1
509 1197 1
694 714 2
91 915 0
460 497 2
15 96 1
392 413 2
302 710 1
37 262 1
364 1014 0
458 1133 2
512 1238 1
379 560 0
37 248 2
411 485 0
165 1162 0
1023 1038 0
341 1022 2
662 741 2
564 1046 0
353 918 2
28 1157 2
257 722 2
528 706 2
252 528 2
401 1123 2
285 825 1
144 1232 2
47 1236 2
409 1045 2
208 383 1
670 1080 1
68 593 2
42 670 1
594 929 2
554 919 1
471 701 1
801 850 1
245 585 2
16 1110 1
857 1150 0
749 969 0
244 317 0
275 578 1
537 930 0
579 799 1
290 665 2
651 1036 0
12 715 1
1024 1242 2
77 947 0
153 681 0
518 925 0
240 1104 2
475 919 1
590 1191 0
943 1072 1
102 583 2
194 1247 0
1201 1241 1
604 944 0
329 345 2
239 508 0
113 339 1
144 283 1
728 762 0
514 839 1
307 877 0
141 165 0
786 1140 0
827 938 2
293 910 2
590 608 2
112 1036 2
139 894 0
40 604 2
881 980 0
212 623 2
25 989 0
369 1210 0
727 1080 1
35 350 0
1079 1105 1
778 1226 2
309 798 0
577 619 1
420 846 0
31 908 2
334 518 1
379 926 2
534 728 1
543 714 2
11 401 2
697 999 2
244 275 0
494 888 0
84 627 2
483 723 0
135 821 1
800 944 2
263 602 1
429 924 0
107 360 1
304 889 1
620 1152 2
732 882 2
259 388 2
804 1073 2
411 733 0
295 531 2
1088 1108 1
846 1229 2
417 992 0
801 1067 0
129 1188 1
200 927 0
834 1086 0
556 965 2
544 1061 0
396 662 0
578 828 0
495 612 0
520 651 0
276 1211 1
681 918 0
484 908 1
534 933 1
143 970 1
714 935 2
954 1113 0
301 434 0
527 1143 2
551 754 2
843 1201 1
571 871 0
678 1105 2
886 1215 0
1090 1154 2
538 971 0
263 1009 0
1021 1117 1
487 700 1
27 917 1
533 1006 1
91 867 0
245 1086 0
378 550 0
613 1049 2
4 411 2
16 655 1
594 1220 0
65 286 0
95 1200 2
942 1187 2
114 439 0
266 641 0
939 1079 2
130 959 1
531 780 2
67 1109 0
839 1096 1
271 876 1
874 1093 1
259 371 1
413 686 1
99 312 1
394 898 2
173 495 0
499 978 0
247 638 2
108 283 1
505 1153 1
184 415 2
173 333 1
405 975 0
396 841 0
746 1025 2
940 1044 0
288 924 1
195 319 1
197 344 0
1 94 1
686 890 0
986 1096 2
308 1085 1
999 1061 1
182 213 1
622 1193 2
740 824 2
114 167 1
504 951 2
766 898 1
345 409 2
202 1231 2
242 633 1
387 822 1
197 601 0
216 480 1
805 989 0
105 1127 2
1073 1187 0
142 1175 1
853 1193 1
25 963 1
660 1218 0
860 867 1
609 981 0
1054 1239 2
237 320 2
134 1226 2
145 162 0
405 959 1
478 1189 1
488 578 0
115 801 1
321 1144 0
887 1243 1
261 1248 2
58 396 2
658 1115 1
65 558 2
132 1127 1
14 197 0
318 688 0
535 660 0
102 811 0
739 934 1
318 1194 2
17 976 2
386 427 0
164 300 0
114 669 2
244 694 0
526 708 0
460 666 1
940 992 2
524 779 2
100 749 1
1140 1193 1
409 777 1
203 849 1
115 1229 0
5 865 2
461 1147 1
615 1190 0
280 1140 0
298 908 0
69 865 0
787 1215 0
577 780 1
975 1042 2
96 624 1
672 1114 1
314 441 2
901 1193 2
146 932 0
962 1161 2
240 764 2
567 1230 0
150 874 1
334 625 1
592 937 0
952 1194 1
238 368 1
179 733 2
272 911 1
516 823 0
129 1132 0
475 701 0
616 938 2
824 896 1
77 839 1
344 683 2
761 1106 2
631 771 1
183 432 0
684 1157 0
75 286 0
381 1080 1
227 1227 1
314 918 2
160 1134 0
1060 1064 2
505 901 1
29 678 1
454 992 1
149 925 2
268 924 1
399 552 1
343 888 2
426 657 1
567 1009 0
557 1218 1
101 920 0
452 780 2
41 803 1
716 1207 0
288 999 0
983 1114 0
94 949 1
415 496 0
229 314 2
975 1055 0
2 359 2
37 418 1
1206 1219 0
17 179 0
912 919 1
666 1169 1
221 486 0
317 1093 2
251 1088 0
361 989 2
150 437 1
238 480 1
249 1203 0
125 370 2
138 826 2
202 712 1
449 733 2
605 617 0
380 418 2
316 424 2
874 1109 0
25 857 0
285 1076 2
327 1083 2
95 222 2
171 249 0
729 1012 1
182 1007 0
243 1035 1
126 690 2
428 647 2
664 1022 2
587 601 0
49 118 0
75 520 2
490 996 1
622 804 0
1142 1186 2
586 970 1
754 808 0
43 529 0
390 575 0
286 908 0
80 1248 0
563 1230 1
209 656 2
250 324 0
74 819 0
285 1168 1
314 563 1
206 1234 0
946 1063 2
8 811 2
776 831 2
702 1041 2
348 612 1
153 593 2
262 1141 0
280 325 2
47 391 1
53 785 1
252 1192 1
55 1171 1
1073 1186 0
961 1054 0
230 324 1
389 1004 2
1116 1164 2
949 1080 2
287 1139 2
793 1002 2
573 1004 1
810 977 1
149 1132 0
161 927 0
859 902 1
56 1019 2
128 326 1
99 1231 0
438 554 0
155 367 2
188 389 0
247 496 2
117 538 2
506 1008 2
101 676 1
342 583 0
340 836 0
559 943 1
14 885 0
350 642 2
1161 1169 0
816 1090 2
54 563 2
741 1182 0
595 983 1
246 436 0
419 879 0
1193 1243 1
8 633 1
1025 1200 0
813 1111 0
144 944 2
485 1145 0
267 363 1
373 499 1
269 795 0
417 739 1
286 905 1
564 1248 0
794 1036 2
700 1092 0
6 1245 1
72 188 0
657 856 1
53 1185 2
305 654 1
485 953 0
712 1041 2
113 1024 1
556 614 0
429 1164 0
11 599 0
416 709 1
349 1124 2
189 836 0
487 1065 2
182 1179 1
455 720 0
735 1052 0
61 877 1
175 1066 2
1037 1118 2
165 1136 0
264 388 1
936 1249 0
369 907 0
238 384 2
457 884 0
485 693 2
717 936 1
183 634 1
105 544 1
37 70 2
358 1080 0
226 240 1
60 163 1
491 949 0
699 956 2
739 837 1
99 1223 1
112 541 0
127 415 2
89 309 2
192 546 0
677 793 1
893 1241 1
145 330 2
190 462 2
124 333 0
771 1249 1
87 307 0
455 533 2
330 638 1
114 1216 1
294 1119 0
356 1020 0
886 1156 2
284 1226 0
139 673 0
579 978 2
87 184 1
109 176 1
262 310 0
6 700 1
118 601 0
896 1105 2
293 1145 0
215 1028 1
922 930 0
222 258 1
44 963 1
82 781 1
1096 1142 1
231 1001 2
205 585 2
551 914 2
794 909 0
321 409 1
177 734 1
428 805 0
850 1062 0
677 793 0
77 1095 0
22 286 0
296 963 2
911 1063 0
332 1161 1
713 747 0
487 574 1
165 1035 2
270 1149 0
213 277 2
823 1038 1
561 985 1
636 1115 1
335 956 0
271 334 0
413 962 0
528 1222 2
21 190 2
566 945 0
491 636 0
619 1112 0
300 438 1
119 835 1
459 858 0
298 347 2
88 582 0
33 115 0
203 211 1
13 158 1
112 1132 1
456 796 0
611 1078 1
788 977 2
477 484 1
167 249 2
152 491 2
880 1044 2
982 1119 1
230 1083 0
228 397 0
282 388 0
159 443 0
971 1190 2
111 166 1
167 332 1
357 896 1
30 67 1
678 1102 0
887 1103 1
833 942 0
207 1204 0
339 598 0
121 127 2
89 283 0
4 476 2
370 493 2
747 1184 2
110 614 2
172 785 0
376 786 2
120 874 0
328 852 0
134 609 1
81 855 0
272 327 0
918 1067 0
79 693 2
575 973 2
499 1206 2
54 161 2
671 746 2
86 1240 1
921 974 1
528 802 1
190 1149 2
650 675 1
984 1059 0
156 668 1
345 1093 1
67 587 1
794 817 1
98 509 2
319 717 1
744 785 2
179 839 1
54 899 1
466 1117 1
879 1216 1
590 794 0
565 895 2
151 625 0
130 388 0
551 920 1
849 861 2
69 1087 2
400 513 0
315 954 1
42 985 0
240 1199 0
881 1109 1
529 655 2
723 944 2
545 1195 0
479 656 1
300 966 0
982 1238 0
632 879 0
332 351 2
146 798 0
238 1211 1
194 1208 0
356 908 0
1192 1240 2
1071 1119 0
832 980 1
12 531 1
147 505 1
197 1084 2
874 1064 1
973 1120 1
792 899 2
300 624 1
253 1012 2
614 1194 2
195 1195 1
769 1077 2
494 1174 1
340 1008 0
48 536 2
520 890 2
135 304 2
36 55 1
428 642 0
567 695 2
466 631 0
47 406 0
373 759 2
20 751 1
42 64 1
499 1137 1
574 848 1
598 1188 1
493 517 1
753 908 1
331 830 0
328 622 2
265 420 1
283 947 0
726 1060 2
168 817 0
604 1135 2
369 469 2
48 121 0
152 735 0
28 1233 2
10 1163 2
571 1081 1
558 1152 2
88 1094 1
737 1145 2
667 945 2
126 206 2
359 1125 0
395 1155 0
811 1143 2
351 1128 0
754 878 1
39 411 2
641 790 0
675 747 1
177 571 1
1220 1227 0
342 898 1
355 1004 2
637 1143 2
57 1093 0
586 922 1
67 139 1
56 556 2
157 984 2
241 1069 2
196 368 2
873 891 0
246 984 0
324 572 0
777 813 1
320 1170 1
1016 1191 2
320 845 1
157 775 0
9 656 2
315 1026 1
344 983 2
616 871 0
662 733 0
640 966 1
875 1039 2
428 1092 2
106 863 0
549 607 0
192 240 1
796 863 0
403 810 2
411 1030 1
1125 1169 1
407 425 0
468 742 2
427 518 2
85 994 0
368 658 2
933 1091 2
211 1143 2
365 456 2
885 1176 1
709 745 0
51 1007 1
919 1148 1
270 279 2
458 535 0
578 1084 2
1013 1213 0
695 763 1
604 1057 1
176 878 0
292 862 0
1151 1177 2
268 1047 1
227 1025 0
283 623 0
49 456 1
123 350 1
425 579 2
48 881 0
233 647 2
266 762 0
550 791 2
194 348 0
246 351 1
374 877 2
863 878 1
401 407 2
216 1101 2
216 1245 1
277 1156 2
1072 1244 1
52 1012 1
108 1235 1
135 701 2
787 1069 0
906 1161 1
238 284 1
1048 1078 1
229 735 0
549 1075 2
294 761 0
970 1238 2
308 1017 2
213 1011 2
143 1236 2
10 321 0
647 712 0
333 1205 1
81 1213 0
268 661 1
318 807 1
200 451 1
600 752 1
122 245 1
244 1132 0
224 796 0
103 1037 2
327 764 1
223 250 2
944 950 0
115 691 2
404 1179 2
1001 1217 2
675 745 2
439 1003 2
245 1199 0
239 631 2
405 448 2
1080 1115 1
870 886 1
221 386 1
55 489 0
653 693 2
546 698 2
518 1095 1
567 697 1
813 1230 0
113 834 1
31 271 0
272 724 2
263 1167 1
313 1202 0
975 1126 2
890 1222 2
353 879 0
301 503 1
191 340 2
577 775 0
782 892 1
649 977 2
416 441 2
1105 1131 2
217 468 2
603 1236 0
726 965 0
200 874 1
858 1055 1
964 1121 2
366 1041 1
1001 1031 2
579 811 0
801 856 1
303 600 2
686 775 2
556 1061 1
298 680 1
282 1003 1
207 941 1
92 488 0
582 761 1
214 616 1
45 874 1
499 533 0
300 998 1
231 298 1
769 948 0
874 989 1
341 1052 0
34 109 0
979 980 1
534 879 0
320 907 2
40 1168 0
99 448 0
684 842 2
712 1216 0
418 695 2
111 406 0
669 714 2
319 859 1
623 905 1
43 366 1
200 921 1
873 976 0
78 887 1
471 1086 0
251 1141 0
610 969 2
292 755 1
233 997 2
874 1086 0
71 415 1
719 1235 1
64 928 2
134 434 0
574 654 2
123 202 1
30 592 2
418 1192 0
471 668 2
916 1109 0
745 749 0
187 1007 2
786 1098 0
366 1216 0
67 1207 0
243 484 1
769 1179 0
963 1044 0
451 742 1
217 923 0
1129 1151 2
13 865 0
732 961 2
733 796 1
99 299 1
270 700 0
608 742 2
342 1126 2
780 1129 0
578 993 1
831 1178 0
819 1043 0
390 438 0
649 885 1
370 627 0
445 835 1
455 675 1
346 1156 2
874 1150 1
25 466 0
1129 1200 2
1027 1235 0
718 925 2
272 624 1
588 637 2
613 849 1
1103 1140 1
122 841 1
711 713 0
512 674 2
578 792 0
359 868 1
450 1118 1
910 944 1
443 535 2
180 520 0
336 962 2
458 1142 2
742 1074 2
146 282 0
770 1214 1
357 535 1
478 584 2
620 888 2
383 509 0
125 959 0
1082 1182 0
281 476 1
146 981 0
603 698 0
896 935 2
872 907 0
227 467 2
263 888 1
601 745 2
84 1035 1
306 472 1
651 833 0
135 485 1
335 1180 1
43 280 1
83 350 2
119 1076 2
213 1059 2
741 980 1
226 996 2
888 1037 2
657 1226 0
693 872 0
285 872 1
534 790 1
676 1116 0
1 788 1
319 479 0
1166 1175 0
128 551 2
608 1159 0
943 1195 0
255 1052 0
882 1234 1
804 1043 1
103 152 1
654 1031 0
672 820 2
317 672 1
677 800 0
1107 1141 0
607 658 2
1152 1228 1
275 781 2
1078 1192 1
367 689 1
34 982 2
142 489 1
442 1012 1
224 722 0
597 780 2
870 1212 2
631 1066 0
152 985 2
485 1028 1
557 764 1
710 1007 0
371 813 2
193 299 1
429 496 2
534 1127 2
104 1093 1
568 1148 2
774 1020 1
619 628 2
541 941 0
655 1178 1
53 1189 2
524 572 2
1005 1243 0
762 970 1
512 1147 0
326 643 0
309 867 1
501 705 0
75 1230 0
159 1088 1
495 791 2
207 1205 2
1144 1219 0
868 1093 2
713 1211 0
621 909 2
947 1085 1
173 300 2
925 1100 2
71 454 1
412 470 1
144 161 0
287 589 2
230 940 2
120 915 0
105 621 1
962 979 2
408 1032 2
5 1195 1
117 1029 2
957 1162 0
350 418 0
525 1076 1
397 686 1
845 1200 0
242 636 2
343 1090 2
121 653 1
433 995 2
86 975 2
282 1076 0
38 457 0
709 1132 1
120 379 1
224 1035 1
296 968 0
137 1133 1
789 1139 0
334 840 2
899 913 1
771 1132 1
55 1202 1
118 371 1
9 155 1
96 1154 0
761 770 2
538 677 0
812 920 1
8 226 0
872 1100 0
1030 1196 0
232 845 2
857 899 2
649 897 1
537 654 0
181 274 1
971 1079 1
364 974 0
150 982 1
617 755 0
414 628 1
643 1105 2
10 182 0
355 1185 0
61 987 2
385 1051 2
1074 1169 2
1014 1161 2
286 1135 1
772 981 2
305 649 2
402 1010 0
42 646 0
103 1002 2
215 755 2
224 974 1
74 1172 2
729 1010 0
282 603 2
310 907 1
57 866 2
249 799 1
975 1164 1
335 528 1
838 1020 1
256 596 0
958 1069 1
808 996 1
850 866 1
11 663 2
631 708 0
177 640 2
380 1139 0
353 1156 2
350 671 0
646 730 0
527 696 1
496 689 1
252 591 2
753 1226 0
900 1050 1
967 1136 2
201 432 0
172 532 2
936 1176 0
281 1116 1
465 1171 2
319 1029 2
338 689 2
472 623 1
13 553 1
5 958 1
753 1039 0
57 1153 1
695 1204 0
254 723 1
1098 1170 2
264 537 1
81 705 2
211 511 1
351 1021 0
6 432 2
623 1229 0
414 1023 0
437 515 1
472 890 2
156 743 0
525 944 1
90 413 1
709 1103 2
359 1138 1
735 1032 1
588 1052 1
253 995 1
609 676 0
23 136 2
535 1188 2
788 1169 0
22 873 0
699 955 0
449 600 0
178 415 1
941 1094 1
74 732 0
156 166 2
473 894 2
489 536 1
651 815 1
246 500 0
192 943 2
4 690 0
487 655 1
328 526 0
141 488 2
835 1236 2
612 653 0
343 1096 0
617 759 0
36 955 2
907 1195 0
785 1225 1
215 239 2
354 568 0
820 826 0
360 786 2
261 633 2
959 1096 0
261 498 2
573 906 1
630 980 2
534 631 0
940 1193 1
712 977 2
419 1168 2
78 742 1
390 450 2
240 656 2
431 466 2
659 751 1
159 940 2
709 887 0
436 1068 1
313 386 1
182 914 0
508 700 1
1050 1248 1
670 998 0
368 389 0
942 955 0
105 445 2
235 878 1
486 1223 1
450 654 2
120 1006 2
248 340 1
328 647 2
325 737 2
596 861 0
857 1028 2
405 672 1
480 910 2
1166 1184 0
591 840 0
128 311 0
994 1072 1
255 840 1
69 391 2
331 1227 0
15 836 2
361 654 0
97 1036 2
5 621 0
20 511 0
472 675 1
899 1227 2
988 1051 1
449 1234 0
43 435 2
769 904 1
459 1135 1
449 862 1
337 458 1
16 646 2
273 1138 0
604 1230 0
879 1114 2
928 1189 0
171 1062 2
93 347 1
80 204 0
964 1097 1
507 926 2
726 932 0
48 754 1
805 1139 1
83 789 1
243 283 1
248 939 1
215 700 1
607 638 1
80 627 1
127 1137 2
418 1021 2
187 1130 0
763 809 1
505 934 0
132 539 0
339 1211 1
203 1117 2
24 294 2
326 837 0
295 448 0
73 1076 1
474 965 2
833 965 2
454 703 1
759 1057 0
967 1167 2
1075 1150 2
22 320 0
972 1172 1
345 693 2
296 436 2
454 761 0
337 493 0
487 1162 1
980 982 2
7 112 0
357 615 2
372 838 0
54 748 1
59 82 1
1060 1215 1
535 1202 2
28 866 1
58 1245 2
200 671 0
26 514 2
385 781 0
465 646 1
112 880 0
148 971 1
150 492 0
39 825 1
275 1221 0
258 839 0
970 999 1
782 1102 1
961 1038 2
855 1088 2
1033 1215 1
1015 1107 2
417 837 0
95 441 0
92 271 2
641 789 0
454 1041 1
445 723 1
103 645 0
577 1135 0
976 1168 0
691 967 1
686 928 0
794 1171 0
857 1078 1
933 1224 1
18 829 1
231 1057 0
873 922 0
346 839 0
423 466 2
52 1220 1
866 892 2
160 204 0
275 1129 0
286 849 0
10 668 0
361 903 2
560 1165 2
977 1247 2
839 1167 1
128 199 0
942 975 2
169 1240 2
418 892 0
160 511 2
448 692 1
613 1008 1
0 621 2
513 1063 2
964 987 1
574 1077 0
117 179 1
395 1051 2
101 552 0
231 1132 0
225 329 0
163 533 1
890 1241 1
541 570 2
675 1045 2
417 1007 2
167 290 0
273 359 1
86 162 0
213 578 1
53 193 1
305 860 2
621 1141 0
609 764 0
724 1022 0
388 990 1
262 371 0
392 996 2
636 797 0
287 297 0
567 1030 0
176 611 0
895 1053 1
404 811 1
702 765 2
686 704 0
314 626 1
703 1231 2
18 1022 2
298 881 0
53 1001 1
274 414 1
190 652 0
543 1122 0
965 1197 1
526 569 2
322 803 2
426 438 2
779 1090 1
610 1188 0
301 1125 0
1012 1065 0
380 533 1
602 985 2
67 1134 1
1059 1082 1
562 1146 0
12 213 0
32 927 0
445 1137 0
751 1235 2
576 1132 1
910 1191 0
124 658 0
625 1037 2
796 887 0
164 1241 0
181 735 2
91 207 1
107 1125 2
394 559 0
401 1108 2
713 1049 0
151 783 0
777 825 0
105 766 2
1016 1108 0
9 715 0
408 708 1
181 418 0
900 1038 0
333 1006 2
498 876 0
567 691 1
523 898 2
1114 1183 2
64 75 2
659 1034 1
952 1084 2
512 553 2
478 1105 0
821 1063 0
6 447 2
64 327 1
945 1157 2
132 1016 0
552 927 1
7 21 2
623 931 0
743 756 0
686 1111 2
123 724 1
548 1245 2
763 782 1
355 464 1
988 1026 2
396 1051 2
498 514 0
247 346 1
864 1043 1
510 671 0
579 809 0
303 874 0
373 475 0
356 1171 1
645 671 2
238 572 2
307 492 1
1002 1060 1
535 839 0
467 892 0
732 985 0
248 559 0
505 1052 0
433 553 0
352 1235 2
1190 1225 2
130 974 2
572 873 1
560 929 0
14 584 1
973 1053 0
1078 1091 2
781 858 0
305 1113 2
156 393 1
234 827 1
796 999 1
565 1119 0
374 1239 2
27 141 0
507 903 1
331 1104 1
299 747 2
137 803 0
646 694 1
298 1051 1
465 1076 2
138 208 1
106 956 1
631 669 2
161 816 1
101 245 0
192 868 0
2 87 0
188 294 1
356 857 0
349 1112 1
440 667 0
980 1034 2
546 589 2
985 1045 2
496 1088 1
974 1160 2
61 650 0
480 860 2
481 632 2
830 1212 1
76 1022 1
80 1211 0
176 325 0
111 986 1
276 672 1
421 975 0
617 951 0
17 1082 2
57 102 0
447 846 0
60 856 2
564 925 2
817 899 0
746 897 1
840 1039 0
388 692 1
166 362 2
540 605 2
590 794 1
164 815 0
361 372 0
153 591 1
403 1038 2
205 780 0
151 764 1
236 562 2
2 788 0
306 341 2
124 797 0
238 997 1
648 854 2
619 1232 2
271 624 2
359 1173 0
152 573 2
391 492 2
271 1206 2
1062 1166 1
338 468 2
939 1065 1
423 1109 0
75 729 0
15 73 2
553 892 0
177 187 1
253 1088 2
474 925 1
362 1043 1
312 526 1
624 970 1
54 1060 0
309 443 1
80 600 1
423 427 0
786 984 0
253 730 0
519 1014 1
238 1095 1
30 744 0
795 813 2
1072 1220 0
620 820 2
988 1178 2
138 769 2
69 824 2
237 537 0
864 900 2
61 745 0
709 1079 0
365 1247 0
1072 1226 1
584 1151 0
756 1198 0
623 870 2
816 1015 2
420 634 0
421 927 0
194 472 1
57 336 1
106 866 1
396 885 1
601 998 1
317 791 1
355 851 1
457 802 1
1021 1039 0
41 1132 1
404 856 0
567 1191 0
42 518 1
661 959 1
456 1080 0
131 912 1
247 1116 2
10 687 1
541 831 0
137 1235 2
10 800 0
355 847 1
3 689 2
369 537 0
808 1216 1
60 931 0
86 691 2
201 758 2
93 794 2
296 667 2
215 745 1
744 1218 0
167 187 1
830 924 0
516 604 0
1119 1212 2
130 822 0
871 1035 2
17 253 0
258 368 2
45 950 0
956 966 1
47 188 0
621 625 1
273 844 1
425 904 0
159 257 2
841 1072 0
1000 1238 1
323 400 1
36 941 2
247 668 0
504 917 0
768 1048 0
152 469 0
353 947 0
239 950 1
7 67 0
307 986 1
17 934 2
226 586 1
5 95 2
715 1205 2
391 1130 2
522 1249 2
502 763 2
322 372 2
215 813 1
279 914 2
174 1185 2
57 818 2
284 1039 0
564 1160 2
231 1182 1
298 608 1
31 475 2
240 1049 0
242 533 1
657 1140 2
633 865 2
353 1028 1
792 861 1
506 1165 2
269 1150 0
517 1101 0
263 282 2
459 1061 2
351 747 2
79 815 2
312 944 0
526 1035 1
360 939 0
21 201 0
253 582 2
112 1172 2
125 553 0
397 939 0
605 1092 2
375 804 0
182 375 1
80 417 1
42 716 0
260 935 2
59 1116 1
729 739 0
37 742 1
235 300 1
682 737 2
337 862 1
61 353 0
82 696 0
631 1020 1
82 757 0
324 1234 1
348 575 2
227 372 1
256 546 1
389 898 1
27 1133 0
510 580 0
15 539 2
59 876 2
927 1046 0
42 566 2
0 750 2
166 723 2
680 830 0
389 529 1
356 1238 0
584 689 1
456 850 1
331 585 2
16 561 0
422 717 1
390 1188 0
186 676 1
408 519 0
845 1224 0
195 1008 2
596 1064 2
25 444 1
582 1219 2
109 1199 0
153 562 1
104 885 0
555 904 1
35 210 2
377 725 1
159 317 1
306 1242 2
356 1249 0
433 897 1
713 802 0
845 1102 2
127 132 2
172 742 0
193 344 1
472 1152 1
393 409 1
9 50 1
573 642 0
376 806 2
454 858 0
505 1208 0
1004 1082 0
212 668 0
808 1238 1
1091 1205 0
225 412 1
67 366 2
520 1017 1
825 1046 0
711 828 2
269 800 1
236 968 1
873 1093 0
154 161 1
140 1010 1
399 1007 2
916 992 0
883 988 2
761 814 0
492 956 2
329 1234 1
135 836 2
179 1062 0
500 1063 2
172 399 1
437 1076 2
522 1054 0
779 1058 1
60 176 0
354 981 0
785 1148 1
357 755 2
598 757 0
1074 1181 2
704 1045 1
290 348 0
368 585 1
93 274 0
483 770 0
831 1046 2
210 1154 2
150 946 2
343 469 0
104 479 1
689 1150 1
314 972 1
412 1183 0
264 1113 2
785 1015 1
193 565 2
636 988 1
827 947 2
871 1196 0
790 819 2
623 673 1
290 1136 1
182 1011 0
553 684 1
162 315 1
303 328 2
159 219 1
469 1215 1
861 903 0
146 957 2
935 1121 2
445 737 2
131 847 2
60 916 2
157 998 2
201 851 1
319 845 0
8 545 0
813 1077 0
658 937 1
989 1098 0
31 760 0
346 689 0
313 1052 2
535 1138 0
909 933 1
175 906 2
434 523 2
260 751 1
261 951 2
359 1193 2
142 813 0
267 853 1
44 353 2
440 1027 2
948 977 0
220 1115 2
158 1235 0
1082 1146 1
68 82 0
381 1065 2
777 917 2
63 333 0
235 676 2
618 1113 1
495 1155 0
594 1225 1
767 1006 2
803 1033 2
887 1222 2
100 778 2
281 678 2
386 431 2
377 1031 1
609 729 1
114 1079 1
466 1248 1
748 758 0
21 587 2
453 1039 1
371 646 0
657 838 2
532 1046 2
410 581 2
707 1025 2
231 566 2
41 732 2
75 410 0
949 1125 1
77 246 1
197 775 2
447 675 0
660 762 0
406 862 2
106 554 1
618 870 0
274 633 1
412 565 2
301 303 1
763 1024 1
1016 1133 0
300 1162 0
240 357 0
90 889 2
360 1168 1
435 679 0
340 739 0
26 763 1
44 1221 1
6 980 1
103 477 1
622 1085 0
866 901 2
733 1062 0
164 818 1
101 440 2
853 991 1
588 989 2
680 1007 1
600 711 0
35 1099 2
784 1040 2
251 673 1
55 367 2
177 667 2
978 989 2
87 283 2
218 242 0
233 1001 0
216 1029 0
141 423 2
1150 1192 2
38 816 1
757 821 0
328 654 1
63 691 0
22 508 2
201 593 1
757 1020 1
188 475 0
553 555 0
15 1101 1
135 1140 0
156 712 1
623 1063 0
256 840 2
693 1071 2
299 910 0
286 1128 0
494 693 0
755 1030 0
17 267 1
1090 1158 2
107 593 2
859 1222 0
116 526 2
473 980 2
1021 1186 0
331 385 2
686 851 1
1109 1247 1
825 1172 1
217 445 0
540 853 0
72 1171 0
626 648 2
328 1163 1
165 413 2
248 789 0
744 1054 2
666 1247 1
835 1243 1
21 930 0
26 802 2
96 334 1
661 1004 1
466 1042 1
232 372 1
157 739 2
953 1140 1
783 1088 0
511 694 1
388 1093 1
460 968 2
351 917 2
988 1080 0
364 1003 1
539 626 0
465 1148 0
824 971 2
265 1162 2
381 475 0
24 1012 2
797 952 0
867 1065 0
941 1171 2
370 1006 2
670 991 2
564 1242 1
424 973 1
374 867 0
1146 1212 0
431 1075 2
214 252 1
238 803 0
157 790 1
444 574 0
164 1129 2
1042 1229 1
679 796 1
895 983 2
563 935 1
106 157 0
60 1124 0
399 1218 0
557 967 0
394 971 0
75 195 2
13 1082 2
603 1036 1
71 1119 0
557 683 2
450 834 1
795 1109 0
423 1227 1
32 1099 1
80 762 2
1067 1199 2
189 553 0
208 817 2
875 1027 2
33 718 2
120 797 0
111 889 1
163 887 2
596 684 1
62 788 1
463 654 0
350 898 2
200 1083 0
1055 1175 2
756 1028 0
681 1089 2
787 1039 2
868 1152 2
645 748 1
41 1073 2
200 1156 1
5 260 0
372 457 1
554 939 0
675 761 2
543 1010 0
300 725 1
192 734 1
993 1142 1
257 318 0
838 1125 0
381 1165 0
153 1205 1
485 513 2
339 609 1
85 843 1
281 393 1
52 87 2
876 1063 1
959 970 0
159 1179 1
500 1004 0
380 619 0
11 464 1
583 1122 2
106 112 0
567 724 1
687 1044 0
22 145 1
171 785 0
155 269 1
167 751 0
66 869 2
397 672 2
586 731 0
422 438 1
135 1146 0
505 785 2
1053 1067 1
548 731 0
487 926 0
549 1099 1
568 700 1
737 779 0
233 332 1
516 1240 0
140 160 0
69 823 1
204 892 2
262 953 0
133 817 0
725 958 1
178 1151 0
361 756 1
172 272 0
91 494 2
263 795 2
855 900 2
657 854 1
570 596 0
28 849 1
898 918 0
526 941 0
155 308 2
120 542 1
54 779 1
33 79 0
376 465 1
628 942 1
55 1180 2
125 187 1
41 804 0
239 1175 0
55 323 0
664 1054 1
641 761 2
331 681 2
304 854 0
404 1172 1
437 1070 0
741 1077 0
376 544 1
94 203 1
31 1133 1
301 742 2
145 1193 2
831 1249 0
487 1053 2
2 187 0
348 707 2
600 730 2
415 1111 1
63 856 2
114 859 0
36 126 0
316 1175 2
49 779 1
673 850 1
571 758 1
713 897 2
263 754 1
8 976 1
630 1182 0
488 1191 2
842 952 0
449 607 2
235 385 0
508 1064 1
810 1038 0
43 1055 1
224 678 2
32 120 2
658 690 0
52 460 1
228 990 0
81 177 2
743 1000 0
324 784 2
105 773 0
317 645 2
601 819 0
1181 1188 2
909 1247 1
890 1023 2
586 884 0
561 953 0
1 794 2
145 251 2
903 1092 1
569 697 1
275 863 0
185 1001 0
1065 1219 0
83 589 1
457 825 2
471 1158 1
524 534 0
365 685 0
439 715 1
190 329 0
278 1221 2
961 970 0
1063 1213 0
508 899 2
803 865 1
329 618 1
801 884 2
984 1026 1
442 692 0
486 1107 0
811 820 0
62 724 2
93 696 0
623 795 0
550 960 0
109 1127 1
566 671 1
418 515 0
412 1172 0
436 1073 0
336 811 0
414 587 1
1103 1128 2
675 1026 2
704 834 1
20 317 2
622 1168 1
562 900 2
76 687 2
681 729 2
543 1175 2
72 1065 2
73 997 2
325 841 1
851 1242 1
616 1031 0
55 795 2
1032 1209 1
669 988 2
670 694 1
366 1212 0
90 1142 2
226 714 1
200 376 2
806 977 1
604 756 1
3 114 1
139 449 1
114 695 1
483 535 1
202 728 2
568 1215 0
21 1089 0
112 216 0
880 924 0
490 1017 0
720 1174 2
848 1246 1
452 752 1
327 1120 0
746 905 1
893 1248 2
642 731 0
539 853 0
167 648 2
81 778 1
279 330 0
1099 1198 2
650 1215 2
373 736 1
610 943 1
724 1041 2
449 786 0
542 892 1
175 769 0
625 687 1
147 827 2
797 1026 1
507 754 0
768 1004 1
84 284 2
201 816 0
746 1191 1
584 958 0
519 945 1
9 808 2
484 1082 2
271 612 2
646 1141 0
690 1070 0
602 912 0
172 1110 1
868 1152 0
99 1079 0
454 639 0
285 496 1
1214 1244 1
123 895 1
117 691 2
16 214 0
11 280 2
586 770 1
265 437 0
614 701 1
403 1208 0
204 889 1
298 637 2
227 1229 2
111 160 2
760 1014 2
703 1196 1
593 884 0
438 1237 0
403 1213 2
488 586 1
775 776 1
11 1113 1
469 1249 0
268 445 2
10 321 2
152 612 1
803 933 1
334 879 2
45 78 0
94 96 2
373 602 2
124 423 0
480 1231 1
706 718 1
387 1043 1
287 696 1
1028 1163 1
48 555 0
647 989 0
642 1089 0
860 1091 1
878 1187 0
550 997 0
720 784 1
36 1223 2
810 947 1
611 976 2
384 532 1
411 524 2
73 867 1
110 919 0
519 958 1
687 930 1
931 979 0
528 659 0
588 687 0
157 1128 0
324 958 0
808 939 2
652 838 1
203 988 2
23 93 0
443 1226 0
45 127 0
573 787 1
267 909 2
792 1118 2
156 788 0
59 503 1
17 283 1
493 1228 2
91 490 0
107 298 2
35 206 0
173 717 0
222 486 2
108 606 0
557 1142 1
293 1163 0
357 581 0
352 412 1
316 832 2
358 855 1
318 868 2
786 986 2
382 542 0
250 856 0
271 873 0
178 233 1
225 965 0
2 211 2
237 1199 1
102 727 1
244 315 1
116 993 0
126 202 0
377 863 2
856 1155 0
365 426 1
51 918 0
109 1070 0
219 713 1
342 663 0
705 1129 0
905 993 0
486 963 0
824 1141 0
116 259 2
470 716 2
528 589 0
292 1188 1
322 677 0
181 754 1
24 196 0
478 756 0
91 1144 0
62 634 2
935 945 0
186 615 1
185 1118 1
830 990 2
91 955 1
378 1063 2
308 834 2
880 1246 2
711 1236 2
608 923 2
520 691 0
628 1167 1
182 962 2
146 1107 2
88 893 0
333 644 2
663 847 1
82 458 2
600 1060 2
703 866 0
199 415 1
105 823 2
115 151 1
644 1014 0
164 338 0
497 855 1
640 821 1
26 84 0
553 1168 2
30 1226 1
55 124 0
442 856 1
627 1079 1
389 885 1
15 1168 2
214 1028 2
17 911 2
189 1071 2
214 320 0
333 499 0
574 1048 1
653 1004 1
650 1229 2
232 326 2
471 962 0
494 1151 0
478 485 0
1064 1087 2
414 509 2
552 1173 1
86 193 0
154 798 0
184 719 0
351 531 1
311 1087 0
99 132 1
537 847 0
377 487 2
104 142 0
142 199 0
477 802 0
169 1125 1
238 1231 2
295 1159 0
148 666 0
478 962 0
308 855 2
1104 1114 2
650 1181 1
640 1082 1
208 261 1
193 895 1
456 943 0
212 934 2
115 787 2
808 1036 1
5 316 1
382 1097 2
110 153 1
465 753 2
413 1041 0
840 962 0
221 1192 2
920 1224 2
898 1217 2
102 1175 0
138 843 1
303 369 2
788 1222 1
375 725 1
176 1055 0
219 998 2
1083 1143 2
197 744 2
925 1191 2
77 241 1
486 779 2
195 233 2
125 1079 2
97 333 1
735 1166 2
190 1150 1
627 847 0
149 719 2
138 982 0
385 849 1
346 798 2
469 687 2
669 1175 2
59 123 0
101 1239 0
601 876 1
552 1081 2
962 1040 0
503 504 0
844 1019 0
41 554 1
307 695 0
43 381 1
474 602 0
77 955 0
436 736 2
361 646 2
319 871 2
496 1058 0
173 423 1
37 537 2
488 691 1
341 976 1
88 154 2
131 234 0
513 572 0
308 523 1
451 554 1
272 581 2
295 688 1
215 880 1
1041 1212 1
283 947 1
634 930 0
1127 1213 0
762 1026 0
1009 1249 2
325 915 2
95 288 1
406 766 0
44 570 0
195 940 1
379 934 0
586 981 1
318 349 1
356 968 2
513 1055 1
125 554 2
184 838 0
966 1081 0
284 294 0
604 1237 1
651 714 1
489 920 1
770 961 1
838 984 2
1127 1215 0
315 538 0
1005 1167 2
274 1128 0
395 663 0
1062 1132 1
432 618 1
34 979 2
650 1075 0
221 416 0
257 607 0
610 1085 1
90 607 1
732 1126 0
203 1232 2
110 1036 1
11 396 2
394 598 1
215 662 2
149 624 2
282 509 0
216 924 0
389 703 2
227 908 1
629 941 0
680 1238 2
115 734 1
435 1061 1
746 863 2
35 1241 1
237 1247 2
911 1179 0
506 513 2
38 421 2
1 684 0
67 986 1
595 885 2
516 1227 1
218 264 2
358 430 0
426 788 1
135 924 1
126 244 1
625 663 1
1191 1249 1
383 596 1
498 533 1
151 392 0
569 777 1
168 833 0
728 838 0
1184 1200 1
79 411 2
275 431 1
455 765 2
1086 1224 0
606 996 2
425 831 1
136 1058 1
455 576 0
262 670 0
146 627 2
964 1211 1
62 698 1
124 643 0
687 764 1
32 367 0
378 1203 2
297 931 2
239 461 0
149 462 0
331 546 2
734 975 1
353 658 1
876 1238 1
7 1027 1
21 100 0
678 833 2
64 827 0
86 309 1
739 897 0
874 991 2
810 941 1
961 1174 0
187 937 1
596 869 0
488 977 0
483 1239 1
79 140 1
871 1237 2
306 1040 0
12 247 0
805 1201 2
73 992 0
88 557 2
103 761 1
242 720 0
631 776 0
709 829 1
36 332 0
304 488 2
569 1122 1
240 612 1
609 1187 0
146 411 2
163 577 2
452 1209 0
57 187 1
171 667 0
36 981 2
83 1118 2
431 485 0
1079 1176 0
961 1028 0
392 986 1
78 212 2
189 1153 2
466 515 1
178 702 2
379 394 0
88 321 2
329 681 2
581 660 2
365 1125 0
439 1173 2
188 994 2
604 1152 0
202 859 1
641 741 0
122 573 0
455 1142 2
326 723 1
626 858 2
167 678 0
325 412 1
163 919 1
261 392 0
752 1154 2
720 1208 2
244 586 2
565 740 1
684 1136 0
201 503 1
289 1189 0
346 1183 1
354 578 1
971 1027 0
2 1172 0
252 877 1
929 1056 0
447 678 0
352 911 1
218 878 2
29 893 0
669 847 0
515 1195 0
509 657 1
974 1012 1
716 1162 1
305 1131 2
661 1215 1
17 1004 1
191 1038 1
292 351 1
476 1062 1
335 405 2
66 428 0
384 402 2
176 965 2
199 477 2
227 978 0
100 690 0
51 521 1
473 995 1
575 588 0
342 1111 2
574 1037 2
33 448 1
601 673 1
310 899 2
244 1056 0
482 972 0
146 208 1
991 1092 2
363 1232 1
256 868 1
71 1021 2
659 979 2
72 616 1
667 1026 2
227 497 2
150 789 1
1066 1071 2
637 765 0
295 349 2
700 1113 1
456 502 2
124 889 0
16 691 1
537 860 1
393 865 1
290 1227 0
500 1210 1
137 968 1
1 553 0
570 969 1
415 1220 1
603 922 1
853 1155 1
256 1081 0
373 453 1
59 632 2
559 988 1
207 910 1
905 942 2
594 881 1
531 915 0
1047 1053 2
129 1114 2
163 869 2
26 1179 2
37 626 0
475 1107 0
645 1220 2
919 1040 0
296 329 1
558 1096 2
286 1126 2
576 876 1
885 904 2
258 1243 0
259 502 0
971 1178 0
632 691 0
516 826 2
39 737 2
384 509 0
613 1010 1
822 1047 2
545 807 2
511 950 2
32 395 1
361 1207 0
79 161 1
278 720 0
765 1037 0
311 1118 2
113 327 2
175 1066 2
172 704 1
230 359 1
152 332 1
380 569 1
304 662 0
113 257 1
209 466 2
597 844 0
878 960 1
256 550 0
639 829 2
68 270 1
182 970 1
103 369 0
231 269 2
128 168 0
49 594 1
321 432 2
315 440 2
774 839 0
34 1201 1
751 897 2
312 905 2
423 526 0
274 837 1
485 1247 1
403 901 0
398 938 1
147 209 1
621 966 1
682 932 0
37 1053 0
454 834 2
265 1157 1
742 1226 2
785 844 1
532 769 1
504 855 1
478 603 2
145 1207 1
655 1204 2
544 759 0
584 914 2
470 491 0
629 853 0
549 627 1
87 996 1
250 461 1
501 1069 1
589 1212 0
361 1208 1
342 761 2
213 285 2
328 735 1
380 504 0
89 1202 2
202 746 0
511 1211 0
347 871 0
136 845 2
356 1161 0
91 808 2
624 813 1
746 811 2
432 1180 0
925 965 0
734 1118 1
609 1060 1
474 1050 0
614 1188 1
612 889 0
422 981 1
474 1086 1
106 447 1
372 1181 0
510 736 2
883 1211 1
669 715 0
427 969 1
566 672 1
456 481 1
808 969 2
404 1049 0
960 1168 1
721 741 2
40 1071 1
525 669 0
278 955 1
198 341 0
118 633 1
476 1076 1
331 1194 0
176 503 1
908 972 1
228 608 0
13 1126 1
84 1018 2
378 785 1
147 1107 2
366 418 0
576 1156 0
880 920 2
466 766 0
475 855 0
136 483 1
702 979 1
65 602 1
830 1236 1
199 452 0
434 1043 1
1028 1158 1
550 1036 2
656 1248 2
1002 1061 1
273 512 2
186 1132 2
597 671 0
3 519 0
748 1181 1
409 800 1
504 1027 0
420 558 1
72 1094 2
37 561 2
145 647 1
765 959 2
504 833 0
1014 1035 1
224 546 0
337 804 1
314 1164 0
597 601 1
535 985 0
226 938 1
408 453 0
991 1155 2
688 976 1
1149 1206 1
339 800 2
164 194 0
996 1092 0
385 693 0
424 642 0
685 1072 0
33 326 1
1000 1172 0
456 746 1
191 717 2
1108 1112 1
458 552 0
150 645 0
254 498 1
27 1090 1
16 1000 2
860 1034 0
486 635 0
431 1147 0
1115 1209 0
421 675 0
454 976 2
886 1174 2
192 1084 2
752 1127 1
425 888 0
625 662 1
582 882 0
461 645 2
64 852 1
617 776 1
482 495 2
76 434 2
792 870 2
514 530 0
18 1092 0
104 573 2
56 201 0
250 492 0
477 698 0
982 1074 2
384 961 2
151 1219 2
625 701 2
366 608 2
302 594 2
347 933 2
495 1088 0
203 830 1
773 943 1
560 1232 0
955 1204 0
510 560 2
363 1161 1
498 658 0
379 915 2
321 684 0
831 926 0
614 975 1
493 751 2
242 305 2
508 1160 1
848 1073 2
623 1052 2
176 298 0
317 461 0
249 369 1
846 1038 1
277 428 2
278 1003 2
842 876 0
595 849 1
333 517 1
360 733 1
772 1091 2
400 985 0
702 963 2
618 851 2
36 520 0
587 685 0
601 637 2
733 942 2
200 244 1
593 925 1
42 680 0
151 438 0
257 446 1
207 586 0
795 1106 2
412 414 1
12 965 0
35 971 1
124 210 1
672 1023 2
590 689 2
770 1051 2
428 1105 1
114 746 0
53 680 0
115 439 1
765 983 0
123 193 0
55 370 0
1045 1109 0
477 1186 0
237 527 2
83 1089 1
958 963 0
366 986 2
177 1208 1
744 1012 1
801 981 1
294 729 2
74 1080 1
269 1182 2
90 663 1
48 1147 2
25 770 0
408 781 0
354 465 2
564 1210 0
712 1154 0
180 1058 0
161 990 0
26 931 0
613 973 1
108 325 2
78 96 1
27 540 0
167 825 0
746 902 1
28 1036 0
545 1043 0
108 561 0
792 833 1
419 700 0
98 444 0
174 1230 0
652 952 0
57 570 2
409 1197 1
540 1234 2
115 560 2
1009 1210 0
721 732 2
781 815 1
394 1076 2
263 311 1
1047 1115 2
14 222 2
557 774 1
244 322 2
386 619 0
19 744 2
1084 1143 2
408 795 0
792 852 2
344 525 1
543 1167 0
198 309 2
70 1233 0
3 528 2
922 1157 0
494 913 1
187 1205 0
129 1227 2
568 645 0
62 577 1
249 554 2
477 672 2
240 960 0
270 1195 1
287 385 2
143 967 1
202 862 2
321 1095 2
99 364 2
246 809 1
103 780 0
230 869 0
218 722 1
317 832 2
831 1175 2
282 1101 1
119 1172 2
410 887 2
304 1138 1
487 1172 2
255 561 1
19 291 2
207 257 0
768 1050 2
105 839 0
432 1181 0
50 244 1
809 1184 0
493 1054 0
338 485 0
112 1130 2
361 1140 2
728 924 1
867 1131 2
704 1060 2
553 915 1
453 995 1
59 337 2
82 791 1
718 1205 0
157 703 2
279 916 2
171 1040 1
186 803 2
1017 1130 0
358 1204 2
118 597 2
946 1026 0
496 557 2
942 954 1
512 901 0
484 1227 0
750 1158 2
580 597 1
833 1181 1
138 637 0
200 1075 1
430 826 0
224 1122 0
523 1153 1
52 236 2
600 1051 0
154 1072 0
736 931 1
179 297 2
819 1077 0
465 1050 0
9 843 0
494 996 0
208 885 0
550 767 2
78 575 2
411 1160 0
627 766 1
54 888 0
447 1127 1
92 139 1
119 602 0
329 1001 0
382 1010 0
63 627 2
302 1091 1
636 1228 2
687 1227 0
161 951 0
310 1127 1
973 1007 2
269 883 1
112 190 1
30 786 1
408 656 1
12 583 0
1058 1091 0
54 1173 0
180 855 0
336 347 0
226 666 2
755 1058 1
809 940 1
448 520 2
991 1228 2
977 996 2
158 194 2
502 601 0
300 1046 0
473 1038 0
229 718 0
110 788 1
757 1062 0
808 986 1
785 991 0
293 438 1
396 1225 1
159 943 1
926 986 0
758 1122 1
353 1086 2
484 844 1
363 1077 1
589 853 2
677 793 0
377 1226 1
210 223 2
147 1151 2
505 814 0
586 921 0
510 624 2
1045 1124 2
965 1086 2
1106 1114 1
418 1018 0
777 987 1
958 1213 0
686 1101 1
66 887 0
403 1119 2
539 1104 1
407 1001 1
300 1235 1
449 830 1
358 439 2
196 445 0
419 1052 0
479 1059 0
175 876 0
20 1176 0
660 1244 2
375 602 0
221 303 2
288 682 2
395 525 1
806 1216 0
247 760 1
632 821 2
150 607 0
117 240 1
126 655 1
228 595 2
182 1039 2
758 1209 1
921 1178 1
530 532 0
374 749 0
121 232 2
306 946 0
313 371 2
196 540 2
319 1022 1
435 1217 0
793 810 1
543 1236 2
332 577 1
301 1230 0
206 351 0
201 688 0
301 577 1
727 958 1
313 659 2
282 953 2
117 1013 1
782 1180 0
80 1249 0
121 196 1
293 584 0
66 85 1
136 526 1
24 925 1
580 667 1
441 536 1
296 375 1
315 486 1
342 1214 2
624 896 0
132 868 2
0 1218 0
57 272 0
29 1174 2
863 1005 0
655 1069 0
344 878 2
450 593 0
257 758 0
1026 1177 1
1042 1065 1
813 1143 1
128 658 0
788 1211 0
584 1104 2
266 849 2
524 881 2
534 771 0
172 1166 1
462 741 0
450 680 1
111 596 2
65 431 2
157 802 1
891 998 2
241 391 2
338 761 1
170 1093 1
722 922 0
1036 1186 1
408 571 0
178 316 1
796 958 2
249 779 1
127 526 1
210 743 1
632 785 0
329 956 1
412 908 2
692 1047 2
225 659 2
472 560 2
55 1133 0
168 574 2
317 1105 0
189 400 0
486 1003 2
320 1007 0
298 606 2
54 948 0
541 894 1
195 982 1
797 1242 0
563 609 1
1149 1154 0
342 534 1
794 799 0
86 864 0
124 808 2
965 1154 0
298 370 0
377 702 1
569 937 1
375 729 0
5 884 0
1011 1138 0
226 758 2
117 196 2
267 955 1
1230 1235 0
661 827 1
178 744 0
3 712 1
1222 1232 1
654 980 1
57 285 1
141 676 1
558 1135 1
769 1042 2
388 978 2
1123 1171 1
111 779 0
434 544 0
607 907 0
917 1209 1
966 1078 2
39 185 0
768 1052 1
663 1066 0
85 580 1
96 164 2
861 1008 0
99 971 1
815 1180 2
688 951 2
413 825 0
8 730 0
429 1083 1
193 1026 2
363 1226 0
555 1151 2
284 781 1
435 807 0
40 46 2
929 1185 2
44 313 1
117 1163 0
128 854 0
925 1151 0
118 983 0
338 669 0
199 1196 2
396 1221 1
728 1017 0
1140 1241 0
250 1003 0
434 1202 1
907 1215 1
715 837 2
325 1125 2
198 1170 2
727 815 0
91 292 2
729 961 1
523 732 0
138 506 0
578 967 2
779 856 0
616 793 2
834 870 0
19 1087 1
508 700 0
6 926 1
550 1015 0
403 621 2
788 799 2
1154 1237 2
381 838 2
816 1217 2
259 1046 0
3 763 1
545 579 1
620 774 2
286 1222 2
364 668 0
570 1046 0
349 862 1
436 862 0
664 1051 2
272 1202 2
289 1173 2
72 1009 1
622 843 2
616 1025 0
111 787 0
500 1114 0
125 1047 0
150 788 0
581 941 1
192 411 1
0 249 1
751 1017 1
318 1229 0
65 488 1
349 1062 0
157 1042 2
602 795 2
563 609 1
430 920 1
367 1085 0
295 840 0
649 1206 1
449 1232 2
187 295 0
360 1097 2
715 896 2
627 963 1
206 1184 0
522 985 2
191 500 2
1158 1178 2
169 727 2
657 814 2
169 243 2
659 782 2
1116 1188 0
72 875 0
741 976 0
150 531 2
916 940 1
588 627 1
637 743 1
210 506 1
360 607 2
7 617 0
399 1102 1
352 574 0
1005 1205 2
80 642 0
641 719 1
2 1074 0
694 932 2
1 332 1
148 774 1
221 484 1
214 952 1
76 187 0
12 1242 2
446 900 0
567 721 1
247 494 1
638 721 1
765 941 1
495 904 2
802 1190 1
251 747 0
16 933 2
661 1183 0
29 1125 2
589 624 1
528 864 1
692 916 1
126 1133 1
540 1205 2
379 933 1
64 557 0
26 521 2
707 1169 1
235 890 1
189 1225 1
490 1181 0
734 1056 2
239 242 0
721 790 2
187 528 2
600 685 2
129 1096 2
694 1001 2
728 767 0
362 934 2
388 503 1
706 1110 2
682 978 1
10 52 2
699 790 1
840 1219 0
79 1147 2
1159 1232 1
448 797 1
45 431 1
483 654 2
669 1077 1
798 842 2
143 1248 1
485 512 2
261 983 1
609 656 1
501 751 0
871 1059 1
389 1196 1
193 1160 1
581 746 0
235 442 2
190 252 0
1141 1217 0
265 910 1
730 1134 2
947 1214 0
345 774 1
71 1215 2
647 761 1
125 503 1
30 107 0
319 819 2
691 891 1
503 896 0
85 330 0
85 317 1
420 742 2
204 434 1
150 659 1
577 1060 0
101 553 1
1012 1120 2
569 1020 0
954 1205 0
231 880 2
794 1197 0
622 647 1
14 1030 0
154 157 2
167 692 0
948 1224 2
683 1010 2
1052 1184 2
327 864 1
807 952 1
200 958 0
387 1151 2
651 656 0
457 1043 0
337 501 2
456 858 1
543 624 0
95 729 1
231 855 1
269 339 0
433 856 2
681 925 2
765 1097 0
718 728 2
157 764 2
224 917 0
144 1162 2
848 1056 1
1031 1217 2
750 977 0
808 1234 1
418 537 0
509 1046 1
661 820 1
397 1226 0
107 1121 2
204 926 0
258 671 0
851 1036 1
182 703 2
18 974 2
228 870 1
144 890 1
569 1093 2
490 629 1
117 218 2
396 1023 1
719 1011 1
129 166 2
91 1181 1
794 1157 1
311 863 1
212 582 0
629 931 2
641 1225 1
715 833 2
126 1218 2
609 1205 1
87 667 0
759 991 1
343 895 2
38 505 0
867 1114 0
227 280 0
264 1138 2
27 193 2
246 669 2
127 701 1
775 1173 2
550 777 1
939 1101 2
107 314 2
218 831 0
474 893 1
672 834 1
334 356 2
83 1051 0
488 1051 1
576 1060 0
915 1161 2
51 533 2
29 111 0
467 1166 1
145 216 0
448 1024 1
539 825 2
325 1113 1
345 1116 2
1153 1178 2
585 668 1
380 599 2
372 787 0
598 1195 2
235 433 2
718 1191 0
402 541 2
32 1022 0
85 329 2
426 702 0
250 1237 0
704 822 0
580 885 0
1007 1048 0
557 1081 2
271 348 0
370 1010 2
120 638 2
518 698 0
474 1240 0
746 920 2
579 933 0
607 1070 2
327 763 0
238 417 1
95 253 0
21 661 2
430 828 1
914 1082 2
225 595 0
186 232 2
557 575 1
743 1065 2
138 877 2
153 174 2
28 1026 2
289 802 2
382 1212 2
307 318 2
51 1112 1
200 214 1
278 551 0
528 1052 1
617 728 0
120 388 1
499 1101 0
509 713 2
156 786 0
371 1101 2
436 910 1
418 590 1
834 1057 2
1160 1172 0
229 1058 2
760 851 1
137 298 2
436 683 1
282 408 2
506 1002 2
731 761 2
291 346 1
254 658 2
256 1113 1
572 1170 0
253 853 0
674 882 0
750 903 2
635 1011 2
561 650 0
722 804 1
236 527 0
1182 1193 1
4 757 1
641 797 2
727 1187 0
137 829 2
363 1230 0
159 351 2
419 462 1
166 175 0
395 1042 2
743 786 0
14 114 2
113 634 1
606 663 0
664 1059 2
210 369 2
158 1158 0
121 386 0
272 776 1
352 666 1
160 986 2
608 1002 1
700 1163 2
543 714 2
842 870 1
610 619 0
41 856 0
515 719 2
333 1226 2
1079 1194 2
251 871 0
619 725 0
198 420 2
572 1046 2
480 532 2
66 304 1
550 562 1
430 657 2
560 694 0
170 483 2
360 1133 2
100 720 0
41 524 2
983 995 1
479 805 1
323 1095 1
52 223 1
603 1055 0
511 662 1
427 568 0
370 1221 0
41 831 1
272 823 0
478 940 1
263 563 2
1015 1038 2
39 795 1
698 1114 2
481 824 1
947 1117 2
124 904 0
413 801 1
408 1115 0
47 615 2
5 1140 2
930 1210 2
862 1215 0
241 711 0
204 1095 0
929 1183 0
577 1151 1
133 721 1
409 561 1
238 1181 0
21 674 0
5 212 1
146 883 0
77 371 2
85 981 1
730 1191 0
235 557 2
862 1242 1
468 633 1
136 197 1
173 836 2
542 791 1
513 949 2
94 108 1
200 277 1
504 905 0
479 722 0
48 1220 0
148 414 2
53 524 1
591 1248 2
64 421 2
784 952 0
963 1189 2
537 758 2
986 1196 0
52 168 0
724 979 0
624 841 0
110 813 0
503 692 0
158 335 2
558 559 1
292 965 1
491 650 1
660 995 2
746 798 1
191 801 1
220 349 2
565 678 2
521 924 0
907 1138 1
72 372 2
233 563 1
428 1092 0
352 355 1
266 580 0
207 453 0
75 400 2
592 710 2
507 1034 0
816 1192 2
901 954 1
438 962 0
459 576 2
595 828 1
634 752 2
268 1087 2
435 1068 2
86 936 1
483 735 0
621 1074 0
10 546 0
460 480 1
18 324 2
430 524 2
144 1097 2
552 578 1
367 505 1
577 1196 0
238 676 0
200 805 2
518 736 0
33 454 2
442 1053 0
950 1171 0
133 867 2
588 650 1
98 216 0
171 672 0
273 485 1
212 895 1
812 872 0
949 1167 1
315 798 1
729 962 1
210 810 2
185 903 2
493 654 2
972 998 0
363 1174 0
1051 1225 2
728 839 0
174 655 1
6 643 0
128 671 0
82 575 1
701 846 0
353 960 1
312 1175 1
968 1081 0
227 508 1
254 534 0
465 1044 2
1118 1134 1
837 1063 1
527 830 1
136 183 2
189 1009 0
113 832 2
1075 1180 1
92 226 0
52 981 1
722 1052 0
26 710 0
269 692 2
637 992 1
481 1081 2
377 549 1
6 330 1
55 96 0
895 955 0
1018 1237 0
22 387 0
570 716 1
25 967 0
283 1237 0
654 738 0
1132 1209 2
304 678 1
453 896 2
442 1022 2
225 607 0
542 616 0
632 717 1
607 1013 2
124 557 1
673 914 0
1056 1170 1
638 852 0
629 970 1
617 888 2
154 662 1
195 277 1
913 1031 1
590 989 0
356 434 1
51 352 0
454 1241 1
446 1087 0
111 377 0
148 477 2
695 1157 2
9 69 1
1036 1185 1
140 882 2
12 208 2
507 1177 2
1074 1222 1
263 720 0
87 124 0
259 766 2
164 1191 0
416 1027 1
721 753 1
791 805 2
619 1063 1
595 668 1
394 1000 0
339 636 1
509 763 2
22 390 2
172 481 0
323 425 2
641 1024 1
124 393 1
153 482 0
522 850 0
312 624 0
722 1206 0
961 1235 1
87 760 0
314 532 2
685 1091 1
349 926 2
43 95 2
980 1123 1
623 1038 0
69 939 2
185 1043 2
733 1049 2
1059 1124 0
88 362 2
92 853 2
436 737 1
565 1246 0
473 1112 0
457 1019 1
177 1210 2
660 937 2
490 1016 2
241 461 1
57 974 1
323 705 2
82 1221 2
361 397 2
65 1101 2
364 510 2
439 505 0
816 854 1
712 960 1
116 485 0
1064 1183 2
402 987 1
390 1230 2
717 1130 2
10 1113 0
226 537 1
224 1051 0
846 1225 0
100 793 1
333 647 0
1045 1113 1
240 249 2
341 669 0
689 968 1
1071 1190 1
14 570 2
312 542 2
829 977 0
293 857 1
769 1066 0
318 966 1
345 661 2
1041 1141 0
639 801 0
211 749 2
450 791 0
659 1225 1
483 978 1
626 890 0
676 1098 1
702 818 1
274 537 1
274 1111 0
901 1075 1
332 659 0
356 793 1
461 793 2
506 1063 0
741 752 2
595 1100 2
290 444 2
445 924 2
284 524 1
957 1047 1
843 1006 0
137 991 0
94 162 2
125 976 1
575 804 1
118 173 1
146 934 1
322 1130 1
285 517 1
20 190 0
467 797 1
368 906 0
126 127 2
314 889 0
288 403 2
131 137 1
9 832 2
178 693 1
124 182 0
326 1010 0
173 215 0
300 913 2
108 342 2
230 791 1
50 680 1
32 1093 1
339 645 2
154 1079 0
464 757 0
79 490 1
534 869 2
27 119 1
387 1247 2
144 903 1
104 919 2
707 1114 2
59 1235 1
1176 1225 2
384 922 2
24 281 0
524 1241 0
988 1229 1
341 671 2
131 441 1
577 976 1
138 262 1
981 1108 1
508 783 1
463 561 2
493 934 1
74 1047 2
557 733 1
134 750 1
452 634 2
650 985 0
765 945 1
559 1078 2
612 837 2
947 1231 2
530 810 2
203 563 0
209 596 0
650 1220 1
512 729 1
400 717 0
499 551 2
573 682 1
349 1215 1
37 410 0
98 454 0
446 642 0
86 242 0
2 426 1
196 1197 2
320 1132 1
106 182 2
352 771 2
582 1020 1
966 1233 0
78 1141 0
775 1081 1
255 1091 1
295 1097 1
35 662 1
1008 1044 0
361 866 1
149 233 1
423 508 2
742 1075 0
617 989 0
218 568 2
586 680 2
344 949 0
778 834 1
1124 1148 0
251 895 0
774 958 1
910 1084 2
452 577 0
933 1055 2
93 169 1
78 604 2
380 842 0
739 862 0
149 956 0
437 794 2
436 564 1
275 1050 1
971 979 1
285 893 2
354 972 2
364 375 1
669 748 2
116 642 0
519 996 2
153 816 0
242 1220 1
129 384 0
693 961 0
415 876 2
844 1062 1
1001 1224 1
924 925 0
58 1095 1
888 1043 0
1160 1242 2
582 864 1
543 656 0
109 1023 1
789 925 2
441 960 0
502 1148 1
537 843 0
22 374 1
625 875 1
688 708 1
1108 1155 2
954 1201 1
532 558 2
688 1232 2
783 866 1
473 982 1
339 477 0
666 804 1
61 825 2
227 434 1
422 1090 2
272 790 1
178 809 2
603 1146 0
483 739 1
896 1228 0
280 622 1
355 1211 2
485 1013 0
862 972 2
477 568 0
826 1168 0
204 927 1
846 927 2
921 1237 1
663 1180 0
441 1074 0
97 752 1
1174 1189 2
910 1180 1
594 1069 2
53 337 0
67 635 2
67 1017 1
385 795 1
35 307 2
58 736 0
807 950 0
616 744 1
360 1003 0
821 1096 1
463 769 0
427 1140 0
33 861 0
255 867 1
270 444 0
568 947 1
574 961 2
3 709 1
426 474 2
652 1019 2
77 477 1
179 342 0
805 1067 0
287 789 1
27 750 0
411 973 1
348 761 2
104 472 1
93 297 2
297 444 2
273 743 2
44 395 1
481 1042 1
282 1064 1
767 784 1
367 615 1
196 748 0
422 1020 2
892 1118 1
790 961 1
440 1028 2
638 1099 0
346 632 0
826 1058 1
513 975 0
409 782 1
310 321 0
324 1135 0
349 539 0
337 344 2
986 1181 1
77 1048 2
447 518 2
555 820 0
317 696 2
378 1247 2
945 1020 2
862 977 1
694 912 0
27 1108 1
91 568 2
365 1138 2
156 753 1
658 1181 0
234 680 1
334 1114 2
653 838 2
580 1137 0
668 1100 2
231 1109 0
203 736 2
1026 1238 1
673 1143 1
551 1159 0
307 1247 1
342 468 0
144 723 2
647 687 1
283 1006 0
20 878 0
793 1089 1
304 762 1
410 1147 2
538 1134 2
577 1227 0
813 1032 0
616 822 1
273 813 1
292 788 1
812 979 1
760 1043 0
742 817 2
183 539 1
291 1236 2
332 404 0
264 1245 1
532 1098 1
74 722 2
753 891 2
264 760 1
175 550 2
498 581 1
289 922 1
193 905 0
307 1170 2
538 1090 0
158 275 0
477 1133 1
400 982 0
850 1021 0
158 1089 1
1165 1214 2
195 316 0
85 1240 2
511 878 0
322 1051 2
570 1024 0
109 328 2
358 1166 1
744 1135 0
726 864 2
111 1085 2
890 1139 2
352 1240 1
758 1032 1
668 971 2
193 1155 0
26 907 0
111 647 0
293 1128 2
928 1171 1
1047 1152 1
505 551 1
139 590 2
81 768 1
138 537 0
919 1247 1
19 463 1
762 1175 2
214 607 1
964 985 0
477 584 0
947 1086 0
789 1200 1
537 668 1
759 837 0
46 79 1
64 678 0
713 1062 2
603 1015 2
135 1172 0
273 621 2
383 689 1
373 495 1
110 145 0
467 791 0
14 1239 2
40 1095 2
265 392 2
798 1064 0
749 1168 2
410 622 0
321 796 1
27 822 2
1157 1225 2
38 1235 0
57 1237 0
276 1160 1
289 1202 0
515 560 1
511 1178 2
88 461 1
944 1096 2
298 1062 0
584 1241 0
47 201 0
841 1155 2
199 969 0
505 693 1
474 572 1
617 1113 1
4 709 1
1020 1228 2
41 756 2
433 830 0
89 610 1
585 843 2
500 1180 0
767 1204 1
106 215 0
476 696 2
239 771 0
637 764 1
1063 1215 0
589 922 2
658 1088 1
10 284 1
189 879 0
1 137 1
136 1177 2
156 837 1
320 1153 2
839 1042 1
549 1076 1
438 667 0
394 885 2
78 399 1
629 977 2
287 1016 2
38 1200 0
561 1193 0
158 234 2
542 702 0
971 1035 1
1062 1084 0
711 1161 0
409 625 0
144 1069 1
830 1162 1
265 592 2
7 745 0
517 799 2
527 647 0
9 803 2
287 1132 1
265 267 1
322 851 2
477 804 1
139 588 2
235 514 1
756 781 1
442 519 2
407 732 1
59 112 1
73 1228 2
701 1064 0
357 701 0
123 342 2
205 258 2
388 608 0
412 841 0
91 520 1
68 1204 1
333 1145 1
479 645 2
250 667 2
132 996 1
33 37 0
250 375 2
173 445 0
107 655 0
264 376 2
71 799 0
97 101 0
851 1038 0
49 1154 0
4 673 0
3 124 0
776 983 1
710 1038 2
417 900 0
114 233 1
650 844 1
188 644 0
1016 1200 0
246 889 1
834 841 1
288 716 2
423 828 0
787 954 0
812 827 2
560 644 0
242 786 1
894 1136 0
57 182 1
187 527 0
5 129 0
35 465 1
710 802 2
124 399 2
535 668 1
717 738 2
447 986 0
582 982 1
611 787 0
1113 1212 1
294 596 2
182 910 0
96 1104 0
770 1095 1
533 1217 0
228 614 1
754 1072 1
150 348 0
338 648 1
455 773 2
418 474 0
650 834 1
324 905 0
74 378 0
163 551 0
951 1127 1
146 901 1
595 697 0
681 1126 0
842 1165 0
313 1230 0
188 970 0
32 359 2
536 1030 2
762 1048 2
539 731 1
18 619 2
155 674 2
525 527 2
155 556 0
34 49 2
17 1195 1
4 223 1
123 1108 0
342 1187 0
584 591 1
242 753 0
67 163 0
448 1157 2
71 1202 0
336 883 0
6 924 0
544 1059 0
772 801 0
340 417 2
66 1244 0
132 166 2
312 735 2
75 101 1
858 1048 0
85 852 1
1015 1212 0
79 287 1
109 544 2
630 753 1
197 295 1
465 1179 2
148 555 0
202 1128 1
287 1004 0
800 1204 2
398 557 0
345 586 0
93 991 0
51 615 0
823 858 2
321 872 0
824 1022 0
148 1133 1
292 628 1
116 590 1
3 108 2
73 665 0
346 1167 0
103 384 2
233 1123 0
11 1067 2
605 908 0
42 1231 0
363 1120 0
526 683 2
110 792 0
115 500 0
58 1000 0
393 823 2
449 908 0
324 340 0
494 500 0
261 289 1
163 949 1
323 1053 0
46 783 2
498 746 1
225 363 2
219 388 0
11 104 0
199 376 0
33 347 0
403 818 0
220 768 2
58 258 1
202 449 0
403 636 1
469 1012 0
537 847 2
296 821 0
935 1098 2
63 165 2
686 1220 2
637 1248 1
96 160 1
638 828 1
298 1045 0
233 369 1
240 259 2
83 1200 1
365 1225 1
378 527 1
228 485 1
78 1238 2
113 823 1
116 240 0
234 749 2
454 767 0
469 772 2
331 586 2
130 1045 2
350 975 0
446 813 0
270 1118 2
241 1131 1
749 1197 1
485 1233 1
809 1149 2
164 189 0
272 567 2
492 539 1
467 1172 2
288 292 1
690 904 1
413 905 1
141 285 0
397 1221 1
519 839 0
485 748 1
83 344 1
16 178 0
757 1092 0
208 962 0
352 413 2
384 1113 2
177 985 2
451 944 1
710 923 1
244 820 0
493 632 0
40 171 0
242 692 2
52 517 0
514 844 1
1135 1227 1
848 1195 0
549 677 2
468 801 0
126 1124 2
47 1223 0
447 858 0
438 466 1
313 823 0
262 600 2
103 508 2
319 711 0
239 451 2
87 274 2
783 894 2
764 1017 1
130 1058 0
74 424 2
557 690 1
48 974 1
876 1050 2
113 1064 0
943 1035 2
938 1080 1
1 966 2
181 385 1
36 1156 0
814 841 2
66 580 2
219 972 2
131 737 0
731 967 2
251 661 2
560 834 1
347 1078 0
100 1210 2
224 852 2
938 960 2
288 531 1
130 1189 1
627 1202 1
424 590 1
292 506 1
634 984 1
713 1124 0
134 813 0
547 815 2
725 887 2
475 1205 0
249 479 0
1033 1075 0
363 1247 0
283 382 0
480 749 1
386 1102 2
697 769 2
1188 1227 2
850 1195 0
50 478 1
239 1039 2
734 769 0
673 1077 2
15 547 2
19 580 0
21 215 0
702 1127 1
227 548 0
194 749 0
627 707 1
233 686 0
566 958 2
403 574 2
262 1082 1
280 627 0
58 278 0
319 536 0
335 1170 0
837 1095 1
129 502 0
968 1096 2
376 662 1
282 671 0
750 984 2
377 980 2
528 1216 2
591 857 2
489 950 0
41 770 1
82 1012 2
862 1146 2
85 1158 1
512 767 1
463 958 2
141 787 2
896 955 0
504 747 0
874 1065 1
386 566 1
109 232 0
773 810 0
248 781 1
103 1085 0
321 1021 2
337 1081 1
411 1122 0
664 672 1
227 498 0
286 935 1
9 826 2
54 1215 0
540 1182 1
478 891 2
3 409 1
471 585 1
258 260 2
335 804 2
133 456 1
471 781 2
211 297 1
598 631 1
452 894 0
805 897 2
542 1120 0
483 647 2
505 1081 0
866 1028 1
184 450 1
960 963 0
356 401 2
658 1108 2
642 963 0
597 806 1
733 884 1
343 665 2
126 792 2
203 1214 1
153 1033 0
393 1185 1
79 225 0
861 885 0
1 709 2
132 285 2
171 618 1
53 627 0
853 935 0
83 649 0
568 848 1
194 609 2
442 979 1
35 376 1
826 1135 0
167 448 0
1167 1187 2
922 1025 1
226 453 1
59 893 0
759 806 1
399 687 0
777 813 0
932 955 0
502 850 2
776 1038 0
709 1148 1
464 880 2
283 358 0
309 641 0
304 871 1
155 1141 0
59 180 1
464 572 2
383 410 2
273 1018 0
798 903 1
415 646 0
427 699 0
1075 1211 2
574 985 1
207 1153 0
81 205 0
759 940 2
64 828 1
486 832 1
229 523 2
182 466 0
363 584 2
791 946 0
184 303 1
30 647 2
303 623 2
58 1222 1
611 1146 2
735 1212 0
403 415 2
349 586 1
739 1010 0
512 934 2
238 523 2
582 1056 0
431 1077 1
295 923 0
529 1109 2
666 1125 1
848 966 0
107 1184 2
641 690 2
529 675 2
1 286 1
156 665 1
418 538 1
422 538 2
1018 1206 0
108 577 1
609 715 0
954 982 2
298 779 1
436 892 0
472 750 1
1039 1162 1
358 543 0
15 285 0
175 936 2
922 1050 0
452 901 0
293 753 0
222 459 0
684 923 2
413 1233 1
6 347 0
523 809 0
38 902 2
691 1155 2
586 930 1
138 1225 1
339 1044 1
544 914 1
29 986 0
769 1161 2
731 1019 2
605 1223 2
169 313 1
157 1057 1
225 360 0
3 1150 0
801 1100 2
255 780 2
351 1245 2
1093 1227 2
647 940 1
513 967 2
1173 1236 1
58 224 0
413 438 1
276 639 2
356 650 0
123 147 0
103 604 1
11 728 2
607 645 1
948 1191 1
730 924 2
7 596 2
680 1179 2
884 1176 0
909 1133 2
551 598 2
360 1040 2
23 430 0
563 680 1
771 1214 1
226 776 0
44 971 0
266 565 0
103 885 0
660 958 0
628 1099 0
176 494 0
162 998 1
412 1091 1
603 1166 0
246 960 1
633 1100 1
333 504 1
876 1164 0
753 1023 2
297 879 0
219 831 1
445 595 1
336 628 2
129 624 0
472 1176 2
841 1026 1
282 965 2
927 945 2
696 722 2
762 849 0
326 477 1
689 970 0
876 1210 1
468 977 0
70 386 1
181 757 2
652 950 0
241 857 1
1072 1231 1
15 1142 0
644 959 1
954 1174 0
413 545 2
188 1214 2
978 1049 1
380 992 0
428 575 2
1056 1090 1
718 949 2
678 727 0
1004 1080 1
1091 1175 1
200 731 1
6 760 1
741 1084 2
731 1175 1
539 793 0
348 789 2
90 326 0
329 716 2
806 1198 0
664 954 1
277 819 1
229 1017 1
704 1095 1
10 435 1
392 666 1
422 1195 2
334 1194 0
52 344 1
1086 1166 0
374 1133 1
487 602 0
344 1001 1
198 1002 0
38 545 0
674 898 0
912 1090 2
486 655 1
214 406 2
331 1102 1
557 840 2
876 913 2
343 391 2
242 349 0
470 606 2
384 578 2
283 1100 2
789 1123 0
569 1173 0
401 613 1
314 327 1
661 796 1
471 484 2
607 715 0
488 668 1
138 544 1
1051 1249 0
60 63 0
640 990 2
753 1248 1
395 1233 1
318 734 0
319 1151 0
289 488 0
981 1207 1
150 654 0
202 684 1
955 1043 2
182 941 0
556 1077 1
229 948 0
489 727 0
633 669 1
108 847 0
395 613 0
483 571 1
310 535 1
183 479 1
843 879 1
386 636 0
814 1191 2
61 618 1
831 1182 2
728 1043 1
635 999 0
96 1238 2
348 1160 2
436 892 1
1120 1202 1
520 1212 2
535 833 0
601 1003 1
116 780 1
195 874 1
18 1110 1
379 1151 0
316 423 1
552 1241 2
42 1160 0
610 875 1
202 903 1
522 891 0
79 958 1
300 366 1
665 785 0
79 445 1
411 573 2
259 1096 1
560 942 1
1082 1239 2
1 956 2
311 749 2
373 1196 2
276 1226 2
935 1227 2
1101 1112 2
621 947 2
320 639 0
0 701 2
70 161 2
788 1003 2
1023 1037 1
5 832 1
401 1025 1
425 895 2
217 856 0
25 413 0
347 1088 0
514 833 2
763 858 2
70 347 2
114 1054 0
113 378 2
963 1055 0
475 1098 1
196 874 1
831 1202 0
614 1171 1
150 1179 1
151 650 1
261 1035 2
137 727 0
89 599 0
42 750 1
594 910 0
583 1071 2
726 853 1
251 835 1
117 968 0
118 433 1
466 512 1
1006 1231 2
475 835 1
128 376 0
738 863 0
62 997 2
407 827 1
178 398 0
182 474 1
687 946 1
870 1191 1
12 246 1
284 1002 2
128 570 0
414 1013 1
34 881 2
758 1067 0
33 151 1
267 845 1
336 1099 1
166 309 1
812 1069 1
855 1057 0
19 27 0
594 644 1
500 1139 0
642 1187 0
190 985 0
785 1107 1
346 910 2
557 1075 0
624 1074 1
1108 1129 0
110 708 0
144 597 0
627 967 1
489 803 2
31 1228 1
427 665 2
274 374 2
455 739 1
826 1163 0
1030 1032 1
123 204 1
411 661 1
354 844 2
351 509 1
41 181 0
807 1106 2
975 1171 1
671 1057 1
571 1231 0
4 92 2
156 292 1
437 1184 0
502 973 0
314 1215 0
706 1065 2
78 361 0
549 1066 1
368 912 2
194 434 2
241 669 1
366 424 2
92 254 0
644 809 0
551 601 0
203 1222 0
532 679 2
330 920 0
174 1126 1
245 1027 0
50 52 2
793 919 2
59 858 1
450 986 0
777 811 2
32 293 0
286 1004 0
692 1122 2
581 897 2
153 1244 0
189 580 2
809 1164 0
413 423 0
140 767 1
686 939 0
697 1216 2
376 387 2
208 626 2
372 1192 1
67 984 1
632 810 2
299 400 2
299 1181 0
330 788 0
7 961 0
274 414 0
451 1062 1
352 1148 2
262 556 0
170 694 2
585 712 1
44 568 1
160 504 2
842 1120 2
873 1215 0
71 1069 1
411 721 2
302 1037 0
401 764 2
614 647 2
609 951 1
696 1220 0
71 262 0
588 1102 2
564 1217 2
615 1015 0
533 1096 2
133 224 0
312 387 0
121 942 2
555 698 0
389 1233 0
198 852 2
98 815 1
407 776 1
205 603 1
24 882 2
325 450 1
536 1011 2
93 104 0
446 644 2
359 695 0
8 1049 0
268 1166 0
370 1019 2
142 924 2
505 886 2
0 1233 1
264 507 0
29 683 2
427 1127 1
672 821 1
668 1220 0
134 1079 1
1041 1155 2
442 628 1
753 1100 0
321 563 1
309 1219 1
15 522 0
242 514 2
838 1082 0
530 666 1
307 930 1
1159 1198 2
118 828 0
63 152 1
635 1198 2
1161 1187 2
1107 1192 1
542 1108 2
218 1197 1
66 846 0
393 495 2
305 1090 1
205 355 1
404 734 2
532 968 2
405 1080 1
747 1172 1
865 1143 1
115 683 0
606 1073 1
239 290 0
237 613 2
202 737 0
436 777 1
525 536 0
496 707 0
356 519 1
853 1242 0
323 498 0
637 829 0
334 1221 0
417 1007 1
235 911 0
52 246 1
605 923 0
149 874 1
82 1105 0
823 1141 2
232 507 1
422 691 0
786 875 0
505 512 2
239 963 2
245 964 2
92 693 1
53 72 2
179 1178 0
384 419 2
101 1171 1
747 914 0
55 1213 2
773 1019 0
258 783 1
752 911 0
197 379 1
67 1238 2
916 1053 0
364 369 1
595 721 1
616 693 0
18 703 0
36 981 2
686 1094 2
190 337 1
53 770 0
1114 1115 2
160 286 1
10 1219 1
541 848 0
168 399 0
820 1223 0
1044 1103 0
367 615 0
760 1127 0
143 1082 2
1144 1235 2
799 1113 2
5 897 0
302 907 0
1057 1096 2
361 1248 0
595 1039 2
31 1055 2
22 184 2
123 503 2
193 697 0
241 280 0
704 785 2
388 719 1
670 1007 0
189 901 1
381 741 0
335 1204 2
128 1009 2
913 1141 0
523 666 1
921 1202 2
494 741 0
159 671 2
103 845 1
636 1177 2
96 839 2
890 1115 0
431 1115 0
43 55 2
205 556 1
521 997 0
601 784 0
970 1185 0
1 43 2
651 668 2
880 1236 0
108 1248 2
43 1208 1
85 833 1
190 401 1
14 288 0
254 484 0
177 919 2
862 1078 1
753 767 0
51 57 2
102 969 2
322 979 2
331 799 2
632 719 2
112 1216 1
147 1146 2
220 895 2
848 1227 2
206 674 1
528 1086 0
835 1056 0
610 1068 1
75 444 0
78 498 0
88 759 2
496 816 2
137 401 2
156 471 1
416 583 0
639 1109 1
415 1084 1
457 518 0
678 987 2
160 742 1
85 593 1
290 927 1
272 273 1
761 890 1
388 1061 0
66 232 0
337 1037 0
70 295 2
106 740 1
497 747 2
223 943 0
344 1167 0
29 409 2
206 216 2
334 1179 2
691 877 1
610 795 2
443 682 2
714 793 0
458 538 0
65 1243 2
76 928 2
721 1092 0
49 439 2
133 496 1
381 1101 1
119 792 0
237 783 2
63 1213 1
302 1021 1
624 1171 2
100 506 2
326 557 1
44 935 2
378 1241 1
57 109 1
103 815 2
767 1117 2
597 682 0
959 986 1
781 919 0
749 1205 1
705 902 2
171 984 2
377 455 0
1069 1123 1
650 836 0
624 730 2
978 1004 1
650 821 2
494 812 2
269 1031 1
748 977 1
858 1163 1
455 938 1
58 1206 1
841 1228 0
143 626 0
340 770 1
714 1020 2
313 1000 1
289 609 2
66 1013 1
501 1004 2
266 755 1
414 536 1
250 1083 2
63 228 1
523 865 2
1071 1110 1
865 1091 0
782 1175 0
960 1073 0
128 313 2
204 377 1
26 525 0
903 966 2
325 1061 2
298 577 2
851 1227 1
786 832 0
186 340 0
226 901 0
112 717 0
460 895 2
400 894 1
423 737 0
87 1184 1
610 873 2
266 302 1
440 482 2
178 304 0
201 243 0
651 815 0
72 416 0
315 843 2
64 689 0
218 1038 1
634 645 2
317 1070 0
109 324 2
31 876 0
405 722 1
691 925 1
268 751 1
124 1227 1
473 475 2
579 603 1
486 1153 0
82 1128 0
644 1073 0
690 768 1
73 903 2
447 1198 1
239 791 0
335 357 1
1109 1172 2
453 1166 2
209 226 0
539 949 1
387 664 1
284 573 2
352 859 2
428 1118 1
414 1153 0
162 862 0
556 1193 1
558 992 2
652 978 1
711 1157 2
34 480 1
132 329 0
255 313 2
298 1223 1
288 953 0
730 1201 1
212 1180 2
1119 1127 2
189 1015 0
595 889 1
187 639 2
643 1107 2
352 1149 2
223 416 1
1014 1061 1
81 1244 2
21 962 2
450 779 1
432 554 1
481 738 1
234 871 0
453 512 1
837 991 0
443 1081 1
132 466 0
7 289 2
407 501 2
339 993 2
803 822 0
265 661 1
424 895 1
479 556 2
286 603 0
48 1156 2
441 629 2
517 758 1
91 583 2
425 621 2
843 872 2
265 428 1
105 597 1
711 1155 1
351 510 0
393 961 2
125 210 2
951 1098 0
322 668 0
442 1174 1
290 711 0
260 515 1
185 917 1
623 1123 0
802 808 1
363 876 1
330 1079 2
667 1230 2
397 1167 2
33 304 2
782 1084 2
210 778 2
954 1028 0
103 571 1
588 923 1
1018 1072 2
147 194 1
230 754 1
0 1084 0
638 665 2
67 654 2
407 580 2
405 493 1
72 1065 2
472 1175 0
377 556 2
662 1043 2
294 363 2
297 298 1
475 993 0
26 951 0
137 626 2
1143 1235 2
188 988 1
349 1200 0
239 770 2
771 1184 2
286 385 0
270 417 1
180 400 2
188 585 2
792 891 1
497 652 1
37 971 1
822 1197 1
242 974 1
277 1103 0
192 792 1
567 1232 0
1099 1119 1
593 902 0
960 1247 2
841 953 1
390 459 2
447 1160 1
504 529 1
230 245 1
651 1105 1
257 364 1
632 847 1
367 743 2
1066 1094 2
253 798 1
652 755 1
456 897 2
38 1091 0
604 973 2
896 943 1
883 1054 2
300 925 0
450 496 2
328 871 0
532 1103 1
382 971 0
174 702 0
330 1086 2
821 1203 0
352 766 1
219 923 2
537 1103 0
14 459 0
436 540 0
488 575 1
797 1131 1
559 1090 1
94 947 2
975 1186 1
109 166 2
352 1223 1
178 336 0
952 1102 2
299 1086 0
348 892 2
119 591 2
377 426 2
286 475 1
546 1147 0
453 988 1
589 1054 1
419 1128 1
143 173 2
301 701 1
398 1056 2
908 1139 2
367 370 0
673 739 0
98 544 2
1085 1126 0
473 1060 2
339 754 2
11 191 0
333 584 1
887 904 0
292 869 2
265 1120 0
1159 1163 0
221 774 2
484 549 2
417 1049 2
615 717 0
215 679 1
193 1203 1
529 760 2
420 599 2
909 1094 1
412 695 1
507 559 0
204 552 0
1009 1225 0
38 508 1
102 818 1
754 1006 1
577 736 0
770 1018 0
755 810 1
171 1031 2
849 856 1
1207 1219 2
387 795 1
848 1033 0
355 1183 0
187 1141 1
97 702 1
608 819 2
83 997 0
493 1119 0
487 920 0
498 872 0
142 289 2
192 485 1
145 611 0
34 1065 2
408 605 0
123 940 0
335 484 2
458 1186 2
314 1059 1
652 1012 2
721 1094 0
567 638 1
646 1119 1
129 1173 1
889 1177 1
632 669 2
342 642 2
214 289 1
677 1066 2
15 486 1
385 1170 1
215 946 1
927 1208 0
76 292 1
394 510 1
1034 1135 0
336 1219 2
870 1116 2
385 742 0
415 886 0
856 1220 1
172 1094 2
101 213 0
577 647 1
79 511 2
177 1163 1
960 1213 1
358 659 2
855 1140 1
230 947 0
201 324 2
422 1109 0
80 220 1
440 1241 1
307 353 0
695 1015 0
156 189 0
206 1049 2
198 453 1
730 1167 1
117 434 0
8 1217 0
244 964 2
105 405 0
271 588 2
42 53 0
46 636 2
240 1008 0
13 980 2
627 742 0
553 1187 1
151 1122 2
254 727 0
206 976 1
112 251 1
212 232 1
240 731 2
536 986 1
848 1239 0
664 820 0
1091 1240 0
498 1149 2
228 335 1
118 754 0
105 926 0
84 392 1
718 733 1
107 254 1
571 1245 2
82 744 1
876 1218 2
393 974 0
700 792 0
718 961 1
573 980 1
520 1198 2
605 676 2
175 419 1
832 1078 2
160 598 0
117 147 0
223 969 0
164 561 1
786 1175 0
485 1113 0
353 1085 1
863 1174 1
71 1109 1
131 979 0
272 838 2
886 1158 2
844 1011 2
82 117 1
257 1020 1
45 217 2
441 854 2
132 465 1
178 827 2
1036 1231 2
795 860 2
84 668 0
188 1181 1
255 425 0
339 896 1
292 909 1
174 1112 2
89 196 2
651 845 1
33 640 1
862 1128 1
292 1092 1
663 952 1
275 1156 1
14 347 1
293 325 2
1028 1124 1
39 1221 0
751 815 2
576 742 2
239 821 1
674 777 0
810 962 0
87 655 1
117 1120 2
730 943 1
52 853 0
54 1229 1
47 1034 0
591 853 1
460 803 0
654 836 1
529 810 1
239 1242 0
629 1126 1
429 883 0
262 433 1
709 1141 2
33 852 0
395 840 2
261 660 2
394 832 0
53 823 0
219 255 0
719 1181 0
17 218 1
470 854 1
701 947 1
161 1002 0
50 98 0
255 342 1
16 839 1
18 823 1
286 825 2
266 303 0
149 393 0
855 1240 2
1132 1189 1
578 1204 1
839 982 1
112 477 0
299 783 2
294 472 2
469 1163 1
151 612 1
104 120 0
796 820 2
883 1082 0
283 760 0
253 930 0
473 480 0
470 634 1
