1660 8075
427 989 0
1342 1438 0
607 1033 0
194 617 0
418 1572 1
317 1415 1
175 546 0
754 1226 1
976 1571 1
1408 1601 0
79 1512 2
320 1376 0
417 667 1
285 858 1
1427 1636 2
169 1397 1
1253 1358 1
58 231 0
367 811 0
102 1590 1
757 1454 1
200 821 1
701 1334 2
227 1348 0
522 1474 0
254 1622 0
369 1242 0
1382 1518 1
453 1111 1
654 1473 1
983 997 1
672 1586 0
1401 1622 2
836 1259 0
842 1314 1
714 1466 2
199 1435 0
172 1239 0
384 1079 0
308 1310 2
312 1122 1
293 905 0
610 1342 2
542 1064 1
400 963 1
558 696 0
836 1028 1
814 1272 2
448 1550 0
1 782 0
284 953 1
154 496 0
1237 1647 0
253 503 1
983 1193 0
570 839 0
95 277 0
927 1089 0
418 1562 1
1256 1373 1
755 975 0
222 1392 0
650 1226 0
49 618 1
52 682 0
467 1191 1
140 735 1
532 796 1
183 610 1
1282 1477 1
1035 1145 0
411 849 1
970 1553 1
585 1085 0
47 779 1
21 1119 1
113 178 1
67 1397 1
1277 1440 1
955 1148 2
0 713 0
504 1521 1
258 1575 2
896 1092 0
729 1396 1
898 936 0
900 921 0
1134 1352 0
1233 1415 1
805 867 0
33 955 0
167 1170 1
971 1085 0
696 1292 0
494 908 1
772 1256 0
932 1191 0
406 1056 0
386 404 1
454 899 1
669 1311 1
79 510 0
663 1572 0
47 1228 1
453 796 0
548 1580 0
675 1012 1
349 472 1
223 1236 0
247 552 0
462 938 0
284 915 1
1321 1353 0
624 1414 1
956 1173 1
1584 1632 1
954 1268 1
1177 1552 0
408 1657 0
0 73 0
84 835 0
593 682 0
236 799 1
451 1557 0
900 1599 1
75 198 0
406 1425 1
1050 1124 0
355 1191 1
1049 1312 1
724 875 0
555 949 1
1401 1554 0
385 494 0
1084 1303 1
89 377 1
612 1051 0
1022 1450 0
293 707 0
490 544 2
180 1519 0
328 1369 0
384 1216 2
481 1644 0
251 1631 1
1182 1546 2
44 1154 1
749 1041 0
35 1116 0
62 543 1
9 246 1
990 1417 1
1207 1406 1
813 914 1
24 414 1
916 971 0
992 1244 1
389 1123 1
672 1243 1
419 835 0
1270 1466 1
150 499 1
986 1028 0
154 1366 0
43 1142 0
463 1554 2
313 1588 0
616 768 1
616 872 0
235 1458 0
1091 1284 1
1195 1340 1
687 1148 0
309 1602 0
374 1451 0
198 578 1
899 1422 1
548 776 0
808 983 1
16 1650 0
1371 1568 0
119 987 1
1046 1303 0
901 1426 1
25 442 0
363 373 0
83 570 1
468 928 0
273 707 0
1508 1546 0
276 1482 1
825 1612 0
779 1206 0
825 1113 0
560 577 0
1226 1291 0
711 1522 1
518 1383 0
953 1444 1
1356 1447 1
897 1273 0
1059 1215 1
534 986 1
767 818 0
1019 1384 0
215 568 1
1163 1283 1
209 722 1
392 1031 0
448 667 1
594 1035 0
693 713 0
177 221 0
1091 1472 1
766 1222 0
948 1451 1
294 1366 1
989 1542 2
559 896 1
221 1269 1
3 217 1
41 418 1
823 1208 1
567 819 1
1370 1578 1
499 1232 1
53 1624 1
931 1276 0
273 505 1
73 162 1
729 1582 0
1117 1440 0
1136 1152 0
515 600 2
819 1026 0
929 1034 1
447 564 0
377 1313 0
745 1309 0
585 624 1
791 1530 0
532 915 2
413 905 0
1288 1567 0
1267 1294 2
583 1346 1
556 1514 1
399 1390 1
519 536 2
138 603 0
914 1147 0
1435 1629 1
196 241 1
125 359 2
877 1202 1
959 1100 1
82 221 2
119 1117 1
230 772 0
186 762 0
963 1635 0
44 663 2
228 1527 1
159 970 1
85 1320 2
753 1300 1
304 905 2
25 1379 0
129 1571 1
388 794 1
209 1422 1
662 1621 0
80 387 1
1399 1427 1
626 1163 0
526 910 1
1021 1424 1
127 602 1
147 1423 0
241 1555 0
208 1235 0
684 1516 1
969 970 0
1409 1574 0
192 763 1
903 1370 0
241 998 1
895 1020 1
273 1416 1
160 250 0
119 1490 0
1029 1632 1
28 1408 1
376 502 1
381 484 0
192 1011 1
200 390 1
439 1642 1
971 1427 0
855 1202 0
380 557 1
935 1530 0
483 1349 0
218 1649 0
442 1181 1
1037 1189 0
554 954 1
715 1031 2
800 938 1
245 461 1
233 719 1
1022 1189 1
854 1007 1
536 1126 1
642 961 1
698 1119 0
1311 1622 0
472 1305 0
190 1164 1
1279 1369 0
378 1442 0
1076 1097 0
554 916 1
809 1330 0
616 1635 1
84 152 2
542 1645 1
198 1654 1
367 1319 1
724 869 0
93 927 1
5 1366 0
413 739 1
1086 1465 1
1212 1496 0
38 281 1
132 1581 0
844 1585 1
925 1146 1
285 962 0
522 1298 1
224 1643 1
1286 1489 1
467 1331 1
1191 1651 1
814 1445 1
571 1600 1
392 1263 0
780 1014 0
333 1107 1
271 1377 0
514 914 1
1085 1164 0
485 1644 0
75 863 1
718 1645 0
1089 1318 0
1015 1597 1
717 1539 1
753 811 1
948 1158 1
335 458 1
1438 1604 0
701 1618 0
1039 1272 1
66 933 1
188 634 1
649 682 0
15 1327 0
29 793 1
23 436 0
1159 1465 1
83 1451 0
457 876 1
56 249 0
1512 1567 1
61 1459 1
658 884 1
1068 1264 2
1074 1317 1
555 1261 2
874 1283 1
526 1178 1
124 1257 0
409 1630 0
752 1244 1
1139 1578 2
25 475 2
354 978 0
832 1638 0
22 1041 0
507 1285 1
1192 1420 0
637 944 1
135 1379 0
245 421 1
1378 1451 0
382 1248 1
564 1656 0
134 1011 1
316 832 1
244 1606 1
422 1555 1
1178 1443 0
35 1447 0
380 719 0
966 1257 0
1144 1388 0
266 414 1
337 697 0
294 1526 0
362 1216 0
67 428 0
400 782 0
242 1220 1
115 1440 2
866 1007 1
976 1597 0
1086 1201 0
881 1246 0
1228 1444 0
715 1194 1
628 1623 0
303 1435 2
508 1278 1
273 486 0
753 1478 1
11 465 0
554 806 0
151 598 1
180 1445 0
1367 1505 1
1018 1308 1
511 1476 1
348 1459 0
480 757 0
1223 1300 1
488 928 0
945 1565 0
332 1258 0
655 1463 0
149 910 1
35 538 0
1494 1572 1
238 1016 2
851 999 1
448 1003 0
594 1074 0
281 674 1
73 495 0
481 927 1
747 1138 1
491 1298 0
793 1380 0
84 1162 1
424 875 0
985 1361 0
1364 1404 0
450 843 1
1018 1046 2
254 1517 0
433 1214 0
1094 1627 0
761 893 1
1000 1045 1
621 855 1
158 540 2
298 1265 0
498 1058 1
684 988 1
188 501 0
45 877 1
1215 1599 1
196 1103 1
621 1257 0
112 1372 1
424 437 0
1180 1369 1
114 1137 0
316 1207 2
108 160 0
464 668 1
773 799 0
279 910 0
391 1007 0
980 1144 1
541 1026 1
274 562 0
897 1046 0
1155 1162 0
33 39 0
412 880 1
1225 1348 0
495 632 0
50 815 1
262 676 2
505 1085 1
1359 1414 1
606 1323 0
1231 1497 0
81 1410 2
527 1410 1
1202 1233 0
351 1126 2
692 1422 1
560 598 0
1141 1418 0
1079 1583 0
146 268 2
471 1067 0
1142 1195 0
231 646 0
468 1436 1
401 525 0
1125 1459 1
477 673 1
887 935 1
730 1199 2
194 1591 1
61 420 1
1062 1123 0
1160 1292 1
603 699 0
1072 1222 0
743 1534 0
784 1463 1
424 1083 1
13 810 1
311 687 0
297 504 2
1010 1015 1
414 1521 1
359 1304 1
266 296 1
326 664 1
60 1455 1
138 443 1
249 1506 0
1211 1304 0
1124 1631 0
1094 1453 1
541 744 0
1012 1380 0
161 835 1
197 506 2
308 879 0
227 1194 2
29 1549 0
824 1540 1
183 849 0
314 453 2
77 602 2
202 1324 1
358 1006 0
1562 1609 0
516 1356 0
638 683 0
126 558 2
688 964 0
154 1426 1
56 57 0
717 751 0
490 1112 0
668 1016 1
13 1558 1
277 1568 1
70 1441 0
75 873 0
206 996 1
186 1639 0
833 1067 1
608 1419 1
145 1036 1
833 909 1
885 1460 1
1057 1407 2
442 934 1
326 1344 0
191 540 0
326 392 1
1177 1631 0
128 1167 0
642 1244 0
630 660 1
8 600 2
168 350 1
164 372 0
244 1528 1
168 1254 0
885 1627 0
365 533 0
181 1615 0
962 1398 0
269 397 2
192 767 1
598 696 1
601 800 0
333 877 1
69 203 0
625 1633 0
189 530 1
359 493 1
1231 1358 0
414 489 0
822 848 1
166 747 0
436 1102 0
870 1154 1
1161 1260 0
357 872 0
289 922 0
674 1041 1
152 1390 2
587 1376 0
150 730 0
1364 1626 0
837 1327 0
759 1192 1
726 1432 1
1152 1407 0
574 683 1
448 581 1
988 1596 0
276 585 1
591 1325 2
129 745 1
241 445 1
108 782 1
505 631 1
149 299 1
219 1312 1
676 1492 0
543 1337 0
417 1333 0
93 1568 0
178 452 1
65 307 1
237 670 0
755 978 0
360 1313 0
969 1563 0
108 284 1
414 921 1
221 628 0
426 1247 1
772 1378 0
597 847 1
451 1336 0
61 617 1
669 801 1
917 1601 0
578 959 0
1271 1324 1
53 81 0
174 1085 1
256 1422 0
818 937 1
1065 1176 1
949 1522 0
180 911 1
650 1457 1
326 1234 2
765 1421 0
44 1306 1
695 1257 1
1064 1494 1
851 1206 0
875 1604 1
131 599 1
1238 1371 1
161 1145 0
711 733 1
1335 1395 0
164 438 0
31 1098 2
166 442 0
514 536 0
1063 1591 0
1420 1504 1
997 1087 0
193 1286 1
451 641 1
927 938 1
1052 1245 1
500 1059 0
131 1472 0
799 823 1
1253 1577 1
374 757 0
1178 1360 0
1061 1437 0
805 1158 0
201 651 2
854 1610 1
440 1174 0
125 1208 0
837 870 1
569 731 1
530 848 1
796 1397 1
518 980 1
132 802 1
440 1515 0
743 1294 0
101 612 2
593 970 2
205 411 1
479 504 1
556 738 1
74 1235 1
140 335 2
82 894 0
18 1344 1
1172 1575 0
351 614 2
29 80 1
416 1249 1
630 1290 0
852 1105 2
640 696 1
222 1327 1
857 1653 1
59 133 1
344 551 1
303 349 0
706 1608 1
422 1542 1
1182 1279 1
601 1061 0
725 981 0
734 851 0
428 789 0
1089 1582 2
1127 1129 1
335 775 1
698 879 1
829 1436 0
132 1020 1
176 1433 1
93 419 1
941 1531 0
215 856 2
329 1481 1
455 1388 0
1028 1077 1
553 1414 0
21 1571 1
274 946 0
1295 1658 1
1175 1601 1
1401 1451 1
506 654 1
1159 1651 1
1550 1635 0
385 1088 0
1071 1359 0
355 1346 1
330 1100 0
1168 1378 0
147 1004 0
448 1124 1
166 1414 0
825 1302 1
370 689 0
113 918 0
292 488 0
533 1086 1
1063 1618 1
1091 1617 1
728 817 0
831 1318 1
532 569 0
83 390 0
965 1246 1
153 1104 0
1237 1282 1
1292 1294 0
788 1090 1
1032 1512 0
259 690 0
113 1507 0
204 1030 2
263 1632 2
132 1230 0
275 1068 2
1023 1312 0
582 777 0
333 855 1
626 1311 0
221 317 0
89 1332 0
1085 1352 1
753 1183 1
489 1238 1
12 1479 1
1091 1111 2
798 871 2
567 934 1
188 1560 0
1340 1523 0
570 1558 0
944 1221 0
402 1327 0
126 1444 1
550 575 0
165 454 2
523 622 1
622 1328 0
201 796 0
708 1281 1
579 1369 0
347 736 1
99 1571 0
60 1110 0
70 177 1
211 748 0
535 1288 1
527 812 0
669 1334 0
877 1074 1
674 1646 0
49 60 1
1206 1635 0
1198 1489 1
391 1223 1
477 760 1
879 1075 0
515 1285 1
726 1585 1
47 608 2
487 861 0
425 1254 1
66 1516 0
1481 1576 0
1222 1277 1
702 1544 1
890 1079 2
723 804 1
160 375 0
875 1485 1
1082 1268 0
476 871 1
491 1171 1
171 264 0
89 1322 0
348 357 1
1178 1402 0
436 1132 1
287 1646 0
543 1494 1
1245 1594 1
923 1192 1
857 1611 0
218 736 1
41 810 0
522 670 1
790 946 1
955 972 1
495 1542 2
821 1447 0
877 1259 0
330 895 0
584 1369 2
519 1191 2
419 546 0
336 1299 1
816 1628 1
676 1461 0
740 1144 2
169 1559 1
634 1313 2
1345 1551 1
1436 1440 1
265 1099 0
383 1128 1
40 359 1
566 1584 0
1063 1622 0
1411 1475 0
869 1008 1
451 861 0
77 604 1
423 1497 2
300 1599 0
527 1607 1
875 1541 1
161 520 1
1189 1631 1
177 508 1
56 678 0
710 1051 1
215 535 1
636 1348 0
112 168 0
477 687 0
701 1253 1
437 475 2
289 1361 1
989 999 1
62 1588 0
647 1273 1
906 1251 0
43 1512 1
88 877 0
301 1552 1
248 1432 2
412 838 1
226 1567 0
344 741 1
847 1631 2
880 1007 0
139 936 0
621 727 0
432 1313 1
1260 1633 0
212 569 1
1038 1233 0
653 706 1
270 738 0
30 611 1
155 345 1
706 1202 1
1007 1596 0
352 1053 2
1275 1302 1
498 1279 1
728 1232 1
68 92 0
766 1385 1
46 108 0
113 213 1
1124 1507 1
1241 1619 0
1370 1558 1
11 1351 1
161 461 1
1240 1251 0
79 915 1
1179 1640 1
248 1081 0
258 615 0
82 408 1
151 1490 0
879 1009 0
614 1045 0
164 206 1
671 754 0
691 1067 1
211 1568 1
604 927 1
259 859 0
829 1264 1
674 1435 0
1502 1570 1
1194 1460 0
873 1024 1
1426 1465 0
1273 1600 1
284 638 0
371 988 0
101 1560 0
15 115 1
531 1076 1
355 564 0
299 946 0
871 960 1
1322 1482 2
1398 1518 1
311 439 0
558 1001 0
791 1629 0
186 1208 1
233 1503 0
926 1361 1
994 1449 0
661 1457 0
31 231 0
451 1272 0
879 1090 0
393 474 1
660 929 0
183 619 1
853 1546 1
777 1540 0
809 1613 2
273 1168 0
658 791 0
700 1122 0
1218 1279 0
831 1531 0
153 1203 0
67 879 1
1030 1571 1
486 644 1
218 1442 0
692 1035 0
221 830 0
611 626 0
1163 1423 0
178 1584 0
147 946 1
163 835 1
243 296 0
396 1009 0
239 617 1
421 1319 1
350 460 1
449 1363 1
377 1116 0
220 999 0
384 1411 0
1012 1099 1
1202 1302 0
444 1152 1
876 1113 0
137 741 1
75 332 0
1167 1648 0
545 923 2
210 1238 1
624 1348 2
156 1206 1
115 1493 1
479 563 1
1013 1565 1
1111 1180 2
154 1228 1
93 1042 0
33 470 1
332 968 1
178 731 2
549 1468 2
760 1172 0
1218 1430 1
376 1544 1
254 1455 0
1184 1533 1
502 721 1
1033 1463 1
334 1642 1
444 891 2
1150 1558 0
227 1296 0
516 1281 0
388 521 0
161 1384 0
546 1291 1
956 1033 1
421 1457 1
581 1172 1
1124 1157 1
1050 1087 1
1183 1341 0
152 813 1
274 1397 1
460 541 0
49 321 0
601 1040 0
393 567 1
279 436 2
1301 1592 0
402 1031 0
850 876 0
899 947 2
777 923 1
952 1552 0
55 1035 1
443 714 0
172 955 1
70 712 1
1034 1580 1
329 856 0
1350 1600 0
452 1276 1
160 1234 1
172 574 0
342 1004 0
705 751 1
921 1483 1
688 1256 0
815 1528 2
797 838 0
1367 1599 0
401 1514 1
176 739 0
482 1560 1
554 674 0
1503 1576 1
98 221 0
1403 1453 0
869 1315 1
1303 1463 0
787 860 1
172 897 1
769 887 1
426 1307 0
148 168 1
585 931 0
389 966 0
64 1402 1
932 1544 0
212 1048 0
692 1404 0
1387 1564 0
664 1294 0
916 1177 0
724 1004 1
212 1107 1
1560 1567 1
345 452 0
123 1351 0
770 1410 0
508 910 1
319 1292 0
149 964 0
242 1119 0
815 1407 0
291 426 0
726 904 1
649 1024 0
281 1167 1
20 1516 0
574 831 1
27 537 0
36 1302 0
1155 1209 0
1078 1490 1
642 777 0
506 1116 0
355 1650 0
72 1228 2
1122 1185 0
119 736 1
987 1443 0
1126 1367 0
249 1280 1
1163 1537 0
147 735 0
168 1207 0
728 1540 0
716 1470 0
626 1330 0
166 818 0
418 487 0
145 1095 1
540 1451 0
1072 1088 1
542 978 1
405 598 1
107 425 0
627 1303 1
26 1458 0
238 612 1
1400 1472 0
796 830 0
1375 1608 1
290 690 1
302 1617 0
34 818 2
1605 1642 2
1221 1226 2
33 572 0
35 491 1
1127 1139 0
1118 1242 0
1268 1560 1
236 305 0
765 1333 0
70 583 1
816 1164 1
1018 1471 0
817 921 0
537 1355 1
1251 1514 1
366 648 0
747 1203 0
1188 1617 1
190 228 0
541 1074 0
810 1273 1
1429 1575 0
244 698 1
626 1354 0
437 1634 1
383 525 0
253 1360 1
152 1307 1
917 1555 1
31 870 1
237 765 1
529 1633 0
217 1446 0
353 1409 0
341 1548 0
255 1190 0
606 1550 1
539 1212 0
138 1560 1
382 1290 1
664 1383 0
1283 1623 1
1362 1638 1
618 1608 1
357 382 0
1382 1494 2
328 1090 0
12 946 0
865 900 1
1010 1346 0
1273 1452 1
249 1597 1
328 832 0
99 1250 1
871 989 0
171 368 1
246 1323 1
768 954 0
1089 1264 0
627 1253 1
76 851 1
232 1242 1
272 1246 0
988 1036 1
430 572 1
154 1495 0
244 360 0
223 523 2
1170 1573 0
179 1386 0
69 1107 0
609 1491 1
647 941 1
740 1472 1
235 322 1
146 322 1
992 1309 0
1122 1374 2
468 944 1
731 1204 1
363 1181 1
12 597 2
179 377 0
334 763 0
1058 1166 0
693 1594 1
576 1293 1
1175 1407 1
108 1591 0
575 1650 1
346 1364 1
52 1357 2
262 1250 0
135 535 0
551 1259 1
1066 1473 2
618 1017 1
845 924 1
258 273 0
491 1493 0
372 1006 2
472 1648 0
553 1137 1
1315 1572 0
498 529 1
99 904 0
789 974 1
90 572 0
155 434 0
89 550 1
274 1451 1
196 327 1
1165 1270 1
103 215 0
244 289 1
705 944 1
131 438 1
525 649 0
233 1104 0
86 929 0
954 1433 0
297 1548 1
977 1398 0
617 766 0
10 593 1
806 863 0
527 633 0
570 752 0
586 879 1
355 536 0
305 1014 0
230 1515 1
1302 1444 0
244 1111 0
284 725 0
105 1616 1
976 1390 1
1515 1547 1
38 1056 1
969 1090 0
155 1393 1
926 982 1
1374 1653 1
494 1473 0
306 993 1
596 929 0
347 1337 1
936 1455 0
982 1471 1
1054 1495 1
359 1522 1
165 506 1
1181 1253 0
1092 1452 1
595 1021 0
391 1602 1
269 1644 1
949 1438 0
136 289 0
515 1004 2
1440 1607 0
927 1374 1
808 1323 0
239 700 0
1048 1217 1
213 1192 1
624 1432 2
57 222 0
152 797 1
231 1224 1
682 796 0
760 795 0
618 773 0
371 456 1
1144 1612 0
198 1243 0
342 1523 0
370 409 1
878 1610 0
885 1624 0
1081 1322 0
1344 1532 0
137 1101 0
739 740 1
376 1508 0
539 1148 0
7 430 1
828 1466 1
821 1498 0
270 444 1
205 1220 0
313 1636 1
929 1396 1
866 1395 1
450 1267 1
138 776 1
22 625 1
696 833 0
583 717 1
340 795 0
562 1466 0
118 614 1
1355 1377 1
1078 1101 2
9 141 1
83 443 0
283 1603 1
404 1044 0
842 1205 0
126 787 1
10 134 0
308 984 1
571 895 0
42 46 0
757 1250 1
637 977 0
231 1168 0
1280 1486 0
582 884 1
518 1333 0
1321 1593 0
109 308 0
1375 1420 2
1430 1632 1
227 1399 0
925 987 0
809 1172 1
1003 1493 2
177 601 1
434 1051 0
774 790 0
450 792 1
665 866 1
311 504 1
0 585 0
17 1101 1
291 840 1
66 779 0
724 1563 1
71 433 1
502 1129 1
621 755 0
332 1459 2
790 871 1
125 992 0
109 431 1
451 1017 2
807 814 0
125 548 1
686 953 1
1156 1290 1
886 950 1
503 922 0
171 845 0
456 1206 0
1346 1378 0
997 1221 1
28 996 1
23 1382 2
333 910 1
177 384 0
613 716 0
875 1052 1
67 75 0
939 1393 0
487 1185 1
537 610 1
786 862 0
545 1368 0
901 1363 0
898 920 1
1082 1252 0
1119 1430 2
33 1126 1
77 626 1
174 545 1
398 1356 0
25 332 1
587 1210 0
1210 1397 0
327 875 2
100 1628 1
67 209 1
141 368 1
710 1586 0
240 821 0
100 1029 0
51 318 1
138 1349 2
39 453 1
414 1020 1
415 495 1
433 539 0
1220 1644 0
722 954 0
151 1137 1
275 1516 0
918 1500 1
282 336 2
227 1083 0
490 1108 1
1393 1521 0
144 685 0
417 699 0
555 1557 2
411 742 1
201 665 1
57 811 0
114 1658 1
72 799 1
1008 1348 0
211 1131 0
787 845 1
483 1101 1
13 1328 1
502 1574 1
608 959 1
758 1626 0
48 689 1
264 1518 1
378 878 0
682 931 1
297 603 0
638 1585 0
729 1303 0
1173 1345 0
495 1610 0
945 1247 1
662 953 0
1220 1587 2
271 640 0
309 603 0
1007 1605 0
1222 1613 0
387 1156 1
1604 1646 0
501 791 0
3 70 0
15 792 2
332 1364 0
943 1159 0
339 1445 0
1204 1649 1
506 1095 1
858 1450 0
114 901 2
112 685 0
436 1430 0
354 857 2
58 1540 1
80 1003 0
783 1488 1
394 1474 0
63 700 1
463 704 0
546 1599 1
236 682 0
451 1492 1
663 851 1
1140 1332 1
210 1492 0
937 1536 0
278 1408 0
315 1037 1
542 1576 0
621 1036 0
516 795 0
75 920 0
271 1303 1
233 985 0
341 618 0
604 631 1
1406 1562 1
691 1096 1
745 1315 0
952 1470 0
843 1602 1
945 1005 0
519 1601 0
449 847 0
257 1439 1
804 1337 1
203 825 1
711 1372 1
427 1331 0
39 1346 1
892 1504 1
104 358 1
12 1431 0
1377 1542 0
126 389 1
1011 1041 0
897 1332 1
255 1037 0
241 712 2
1381 1548 0
968 1261 0
11 514 0
48 1492 0
542 1061 0
869 1216 0
1527 1613 0
398 835 1
493 1211 1
405 1493 1
518 1302 2
680 766 0
665 1295 0
371 1136 1
893 1009 0
682 1619 1
1233 1326 1
400 1290 1
567 1057 1
151 1302 0
401 1261 1
1408 1563 0
234 967 0
407 1515 0
968 1114 0
571 1573 1
387 1028 0
390 1599 0
19 1206 1
188 1485 1
947 1514 1
399 1642 1
108 1022 0
939 1024 2
39 568 1
589 1325 0
1488 1568 0
204 1357 1
646 1266 0
137 1430 0
730 1602 0
251 1631 1
521 1122 0
989 1119 1
912 1015 1
487 1313 1
930 1249 1
250 556 1
641 1184 0
291 638 0
684 910 0
94 1153 0
233 1047 1
831 896 0
725 1443 0
908 1167 1
2 1385 1
444 1331 0
1258 1563 1
712 1122 0
1462 1534 1
648 1318 0
213 481 2
261 1458 0
68 1358 1
733 1233 0
202 630 1
751 1067 1
344 877 1
907 1173 1
468 575 1
108 1390 0
933 1322 1
521 1094 1
638 1312 0
898 1366 0
517 1450 0
260 366 1
776 1526 0
276 295 2
272 911 0
683 903 0
103 697 1
515 1646 1
60 644 0
205 1093 1
80 428 1
195 549 0
607 952 0
692 732 1
131 511 0
582 1589 2
853 1588 1
996 1077 0
350 1598 1
464 1039 0
666 1289 0
181 227 1
1368 1564 0
204 509 0
255 1434 0
111 329 0
850 1246 0
648 651 2
453 1163 0
877 1181 0
1063 1620 1
1376 1377 1
243 346 1
629 1354 1
71 907 0
338 1409 1
697 1474 1
152 1403 0
640 1411 0
103 1625 0
713 1547 0
740 1444 1
538 1319 1
23 1095 2
343 633 2
121 1499 0
399 1092 0
188 926 0
1497 1648 1
234 1453 1
600 970 0
126 619 2
282 430 1
363 912 1
1161 1288 1
29 1515 0
456 1535 0
160 1058 0
123 804 1
958 1324 0
615 1121 0
460 636 1
329 601 2
482 1161 0
117 573 0
1452 1621 2
930 1110 0
18 927 0
175 652 0
156 909 1
1501 1548 1
116 1259 2
523 1386 1
114 495 2
323 863 1
1378 1486 0
1027 1031 2
483 1623 0
935 1285 1
441 950 0
68 1069 0
1366 1608 1
584 847 1
326 1342 1
6 203 0
349 704 1
63 1459 1
1213 1564 0
209 401 0
14 1215 0
1212 1347 1
136 234 1
18 276 0
389 888 0
135 1034 0
978 1121 0
708 1327 0
4 16 1
404 486 0
94 885 1
457 969 1
653 1095 2
1029 1049 0
1288 1533 1
385 891 2
566 1457 0
843 1204 1
1184 1582 1
354 1584 1
100 559 1
787 1037 0
585 1419 0
20 733 1
12 1207 1
496 962 0
391 393 1
967 1047 0
374 1629 1
527 739 0
979 1423 0
43 1381 0
423 1326 2
871 1079 0
410 925 0
544 1442 0
9 1248 1
601 1124 1
1041 1292 0
255 898 0
1316 1548 1
217 985 1
301 413 1
40 653 0
641 1002 2
1043 1223 1
1221 1330 1
538 980 0
71 1496 1
27 928 1
481 899 1
61 1082 1
1168 1496 1
272 1072 1
877 1402 0
767 1194 0
376 923 1
1588 1592 0
1221 1379 1
621 1033 0
283 1361 1
197 1586 0
89 436 0
335 1444 0
874 962 0
1302 1415 0
555 1127 0
714 1630 0
390 554 0
673 1175 1
1145 1644 1
387 652 0
1122 1648 0
361 1574 1
489 967 0
508 1340 0
665 1173 1
37 1530 0
52 1072 0
1085 1388 1
237 980 0
1359 1423 2
147 480 0
1220 1387 0
66 1249 2
1027 1586 1
103 249 0
531 1422 0
376 1499 1
636 967 0
773 1112 0
59 1363 0
992 1123 1
180 701 1
608 629 1
1055 1188 2
78 1310 1
989 1082 0
298 522 2
777 860 0
350 1291 0
942 1585 1
701 1096 1
1055 1435 1
4 1531 1
667 831 0
766 1407 1
340 455 1
112 933 0
392 877 0
1227 1256 0
692 1311 0
707 782 1
390 1435 0
565 1098 1
223 1033 1
288 910 1
855 1036 0
902 1357 0
237 1553 0
432 857 0
270 1018 1
284 1385 0
247 489 0
1134 1153 0
1070 1394 1
443 961 1
150 1509 0
76 1484 0
970 1657 1
889 1484 0
461 1537 1
559 1173 1
1504 1643 1
495 892 0
524 1339 0
326 786 1
500 1229 0
634 1029 1
990 1456 0
340 1633 0
351 571 0
314 1509 1
731 1274 1
1237 1547 1
300 1635 0
624 1538 1
1031 1577 0
703 1026 0
597 771 1
180 262 2
850 1519 0
850 1341 0
211 256 0
1002 1088 0
440 516 2
1116 1284 1
187 1097 0
355 1594 2
29 618 1
400 414 0
636 1600 1
163 245 0
8 533 1
376 888 0
115 1481 0
892 1161 0
519 604 2
298 1607 0
529 1551 1
240 1537 1
844 1410 0
663 1509 0
1587 1643 1
116 408 1
1360 1508 0
753 1601 0
1632 1648 2
1079 1651 1
725 1537 0
33 688 0
430 805 0
54 903 1
806 961 1
980 1658 2
1189 1318 1
102 342 0
589 603 0
421 1290 1
400 1454 1
265 427 0
974 1121 2
639 1249 0
33 1027 1
26 648 1
805 1506 0
447 1092 0
535 1220 0
541 908 1
1042 1595 0
155 406 0
1280 1375 0
111 153 2
1081 1170 1
299 1170 1
31 1579 0
163 552 1
495 670 2
671 1022 0
114 332 1
1215 1353 0
63 523 0
669 1368 1
619 669 0
396 447 0
623 921 0
604 1116 0
1029 1524 0
87 1653 1
1255 1610 1
719 726 0
126 1578 1
902 1239 0
1306 1344 0
333 886 0
1009 1010 1
948 1173 1
590 673 0
281 1158 0
630 1066 1
501 1493 1
588 1043 1
340 1287 0
103 388 0
1046 1164 0
804 822 1
397 913 1
528 892 0
132 1608 0
368 1628 0
82 1566 1
1145 1406 0
505 1318 0
503 605 1
301 1455 1
191 801 1
133 679 0
784 954 1
338 1239 1
48 724 2
872 1534 0
332 1137 0
6 1617 0
503 1149 0
286 1489 0
162 616 2
286 638 1
295 883 1
157 1034 1
1229 1629 1
202 1543 0
314 810 0
600 1008 0
457 1295 0
424 1015 1
449 757 1
388 421 1
758 1185 1
668 861 0
148 1575 2
620 790 2
244 1284 1
1021 1232 1
80 1245 0
19 1143 1
655 1490 0
314 849 1
261 1030 1
717 1575 1
266 541 1
1040 1530 1
135 1289 1
922 1183 0
536 1589 1
1280 1286 0
338 1049 0
188 476 1
978 1448 0
1258 1373 1
154 354 1
1427 1460 0
159 1538 0
432 1463 1
723 1343 0
85 1616 1
7 1251 2
432 1334 0
497 1423 1
834 1637 1
168 1452 1
655 1616 1
636 1008 1
151 1491 1
4 204 1
343 671 0
540 626 0
304 457 0
474 1553 1
603 1371 1
958 1583 1
269 1432 0
487 1237 0
332 425 0
88 1595 0
187 484 1
183 1037 2
1019 1052 0
302 619 1
381 1602 1
215 845 1
1050 1566 0
1003 1621 1
758 1449 1
166 642 0
24 305 1
1148 1646 2
907 1158 0
209 551 1
72 614 0
542 688 0
424 1570 0
195 836 1
943 1320 0
335 909 1
458 919 0
386 876 1
329 605 0
45 1523 0
1318 1470 0
814 842 0
412 742 0
185 440 1
1011 1530 0
921 1533 0
327 1014 1
838 872 0
628 1547 0
901 1151 1
1266 1458 0
423 1564 1
316 664 0
203 693 1
805 1019 1
1156 1159 0
255 1235 0
426 511 1
300 1099 0
766 1501 1
361 1404 0
1026 1400 2
748 1578 1
543 739 1
1035 1462 0
145 425 1
424 1160 0
1507 1561 0
856 1432 2
60 90 0
1112 1279 1
999 1581 1
1437 1527 0
85 580 1
64 1198 0
450 1248 1
885 1463 0
859 1492 1
785 1362 1
385 531 2
353 1100 0
1225 1407 0
71 492 1
544 1431 0
206 219 1
1016 1164 1
240 411 1
1073 1340 1
604 678 0
481 1223 0
23 1382 1
107 1067 0
221 359 1
653 1135 1
291 1603 0
153 1380 2
368 512 0
956 1557 0
847 1496 1
115 1264 0
42 728 0
488 1259 0
755 1286 0
484 1614 1
468 567 1
872 1391 1
300 898 0
1079 1639 2
1 749 0
162 342 0
561 1639 1
1469 1563 2
1314 1557 0
1011 1377 1
633 1098 2
325 1054 1
935 1290 0
222 450 1
401 1650 2
1622 1644 1
652 1203 1
864 1639 0
862 1003 1
546 889 1
157 749 0
1406 1433 0
549 1086 0
1430 1629 0
291 1423 0
243 1204 1
343 436 1
172 1423 1
552 1120 1
716 1632 1
691 1548 0
217 352 1
85 1170 1
1067 1080 1
364 1490 2
68 635 1
390 919 1
896 1380 1
37 1327 0
156 419 1
644 1526 0
56 144 0
257 312 1
81 140 0
728 926 0
1524 1632 1
1414 1438 2
464 862 1
644 1257 0
213 1570 1
505 622 1
1416 1514 0
818 1571 1
36 482 0
983 1217 0
647 666 1
701 1541 1
329 1595 1
1388 1585 0
343 1316 1
802 974 0
1030 1620 1
638 1109 1
13 986 1
641 998 0
394 1075 2
724 788 1
624 1549 1
351 1390 0
431 684 0
814 1265 1
528 1253 0
984 1525 0
436 843 1
448 510 1
197 1019 2
1266 1302 0
552 1467 1
1008 1411 0
218 1653 0
346 1552 0
803 1644 1
130 1405 1
1258 1268 0
100 1048 2
33 43 0
1545 1555 0
774 1613 1
143 339 0
167 1400 0
924 1307 1
1160 1208 1
665 1386 0
437 667 0
582 751 1
873 1066 1
143 1307 0
690 1505 0
929 1160 0
247 1152 0
450 750 2
449 1157 0
290 595 0
1384 1508 0
1594 1644 0
339 969 1
179 1050 0
505 940 0
504 1125 0
53 1479 1
6 1197 0
174 792 1
1058 1504 0
234 1344 2
928 1192 0
305 1151 2
1286 1600 1
1049 1415 0
788 1520 0
274 1587 1
445 576 1
732 893 1
672 1053 0
128 295 1
1136 1205 0
955 1593 0
25 990 0
419 459 0
644 774 1
96 1036 1
203 424 0
671 960 1
107 846 0
67 566 1
377 884 2
309 955 1
35 1537 1
300 499 0
231 725 1
85 649 1
754 1059 0
286 433 0
162 1039 1
1116 1263 1
112 1265 0
1255 1498 1
53 970 0
514 1089 1
1467 1654 0
667 1549 1
540 729 1
466 1462 1
330 568 0
367 398 0
96 483 0
1457 1655 0
365 1259 1
99 572 1
1340 1441 1
594 833 1
762 772 1
1082 1136 1
123 1649 2
356 1061 1
293 1458 0
172 1337 0
143 1068 0
1023 1294 0
244 485 1
714 1305 0
1180 1616 1
808 1074 1
512 973 0
529 1005 0
1407 1448 1
427 1150 0
467 1350 1
211 1140 1
207 556 0
747 1642 0
242 1431 1
1137 1610 1
1072 1633 0
128 1343 0
644 1599 0
124 927 0
890 1596 0
950 1158 1
56 443 1
827 1355 0
14 452 2
1355 1360 1
133 627 1
421 840 0
174 547 0
268 1460 0
64 180 1
769 1219 0
500 1569 1
794 858 0
813 1342 1
605 1542 0
1073 1289 1
514 1261 2
1480 1627 0
57 1107 1
650 1117 0
451 1453 1
419 738 1
90 412 1
665 689 2
1338 1524 1
691 1554 0
1334 1655 0
725 769 0
143 733 2
910 1040 0
342 1148 0
764 837 0
687 1199 2
216 1644 0
946 1596 0
386 616 2
249 1088 0
405 1562 0
1285 1499 2
662 983 0
941 1124 1
402 1224 0
41 1170 0
1151 1494 0
1054 1449 1
74 993 0
54 1145 1
1194 1216 0
933 1267 2
667 1565 2
669 1181 1
670 1277 0
51 1248 2
988 1355 0
1070 1532 0
299 1055 1
396 1195 1
257 1234 1
525 1456 0
629 1410 0
329 939 1
974 1259 1
715 820 0
788 1633 0
657 1447 0
199 1139 0
530 728 0
1472 1604 1
74 265 0
0 1390 0
97 271 2
718 898 0
1303 1568 2
908 1654 1
294 1452 0
357 1116 0
198 1173 1
1497 1608 0
83 703 2
212 799 1
1033 1588 2
615 899 1
124 212 1
347 840 0
1002 1170 1
784 1525 0
867 1626 0
1279 1433 1
1144 1202 1
964 1596 1
60 640 0
112 899 1
210 748 0
436 864 0
1342 1349 1
868 1104 1
257 709 0
958 1477 1
750 1506 1
831 1635 1
101 357 2
144 471 0
512 759 0
15 207 2
354 1425 1
69 809 1
795 1568 1
312 1589 2
166 1164 1
55 1208 2
742 1509 1
391 754 1
247 1561 0
1406 1628 1
356 702 1
789 1498 0
492 1146 1
327 1188 0
1255 1446 1
416 1188 1
319 1391 0
851 884 0
1342 1483 1
402 652 1
1114 1116 0
578 865 0
690 1472 0
424 1633 1
606 1298 0
356 656 1
277 1066 0
314 506 1
208 1288 1
596 664 0
187 401 1
1426 1470 1
46 246 0
377 958 0
299 607 1
1143 1159 0
777 1482 1
910 1589 1
809 1454 1
308 772 0
152 1196 1
36 1023 1
436 1208 0
934 1120 0
40 1572 0
1056 1219 1
154 1592 0
792 1554 0
27 983 0
481 765 2
90 805 0
657 1301 0
140 1066 1
411 606 0
891 1497 1
229 1323 0
515 541 1
366 1314 1
60 1656 1
25 101 0
1265 1631 1
614 817 1
125 232 1
461 1287 1
389 1544 1
559 694 1
368 1509 1
589 1123 1
305 1234 1
1488 1596 2
136 1465 0
469 1427 0
1194 1419 1
207 1388 0
107 151 2
44 287 2
14 1414 0
95 1493 1
262 602 1
136 579 0
624 865 1
365 561 0
1150 1246 1
100 252 0
383 1008 1
135 627 0
1238 1292 0
609 923 1
197 1040 0
307 726 0
78 636 0
398 796 0
912 1522 0
642 1428 0
264 793 0
484 488 1
834 1356 0
354 1610 0
633 1084 0
494 574 0
284 1415 0
301 1102 0
847 1097 0
894 1221 1
843 1409 1
179 1412 2
191 1262 0
801 1315 0
581 1470 1
660 1574 0
1039 1386 2
293 1503 1
205 766 1
339 554 1
548 1014 2
473 945 1
258 1373 0
40 387 1
192 385 1
224 230 0
138 658 1
46 354 1
317 1408 2
242 1605 1
602 748 0
594 743 0
7 1352 1
374 1094 0
243 1547 0
208 987 1
1030 1382 0
53 905 1
1072 1572 1
38 1001 0
396 1653 0
731 1398 1
804 1540 0
527 1441 0
25 733 0
520 1162 0
840 1646 1
254 536 0
49 1544 0
16 1642 1
1223 1244 0
327 680 0
290 782 0
153 1190 0
866 1170 0
247 1264 1
119 303 0
1342 1588 1
88 688 1
1000 1550 1
477 539 0
52 1341 1
286 1203 1
200 1250 1
139 1029 1
494 1370 1
45 813 1
762 1381 0
145 1344 0
173 1296 0
677 953 0
41 313 1
202 1343 0
464 1270 0
342 662 1
277 1490 1
186 990 1
483 1310 0
503 736 0
911 1259 0
561 888 0
564 1000 1
338 979 0
1364 1474 0
473 847 2
762 1126 0
683 1614 1
1135 1251 1
22 461 0
661 1511 1
229 1651 1
367 506 0
503 1437 0
978 1001 1
13 1036 0
1486 1581 1
210 921 0
1109 1163 2
266 731 0
419 1077 1
1158 1635 1
1140 1209 1
169 1637 0
551 585 2
118 858 1
720 1411 0
262 1511 1
732 917 2
56 1077 1
1228 1331 1
224 399 1
1086 1240 0
303 693 0
329 646 0
313 984 1
68 857 1
394 1054 1
516 865 0
1098 1514 1
713 1621 0
350 1515 1
176 1083 0
1201 1271 0
1108 1480 1
332 1249 1
125 156 0
800 1154 0
180 765 0
186 1276 0
646 823 1
511 1534 1
226 239 1
289 1432 1
743 988 1
915 1392 0
425 1443 1
1039 1422 0
285 1651 2
1435 1508 0
433 1474 0
147 1434 0
1316 1649 1
347 954 1
139 700 1
619 856 0
252 889 1
308 1231 0
1336 1649 0
932 1224 0
517 557 0
201 1016 1
780 1401 1
355 649 1
129 1133 1
558 845 1
162 1609 0
184 1387 1
499 791 0
49 353 1
477 976 1
311 599 1
16 970 1
750 1054 1
766 1655 0
473 827 1
898 1621 1
792 1250 0
649 1614 0
354 1310 0
649 1388 0
70 794 0
1433 1533 0
11 150 1
428 701 1
217 1215 2
263 749 0
83 1042 2
1055 1593 1
1204 1647 0
467 1119 1
339 757 1
241 1608 0
1171 1413 1
206 1291 1
517 1268 1
720 750 0
84 1265 1
364 445 1
922 1649 0
105 1564 1
1309 1552 1
824 923 1
191 1038 1
231 452 1
164 1131 1
820 1240 0
447 779 0
1010 1014 2
976 1525 1
1330 1380 0
1098 1498 0
944 1422 1
1332 1564 0
452 1409 0
396 1179 0
470 1429 0
52 412 0
478 1148 1
1262 1456 1
489 1114 0
1248 1331 1
591 1604 2
408 1268 1
56 513 1
1105 1489 1
128 1070 0
1514 1538 0
289 1297 0
170 611 0
297 789 1
717 1156 0
476 1291 1
812 1612 1
375 789 0
512 1588 0
648 671 1
172 1356 1
983 1279 2
146 1528 2
201 1305 0
502 1527 0
380 678 0
172 1484 1
74 1408 1
96 1314 0
165 495 1
144 369 1
1395 1397 0
88 465 1
379 489 0
1489 1498 1
776 1659 1
372 627 0
475 1502 0
179 1557 1
554 1292 0
198 1202 1
340 580 0
235 379 1
1325 1517 1
210 911 1
108 1454 1
984 1291 1
926 1478 0
753 1314 1
92 1338 0
282 502 0
547 805 0
568 1636 0
213 864 2
85 812 0
696 1349 1
48 557 1
520 686 1
938 1226 0
178 987 1
384 891 0
482 1454 1
137 983 1
209 1285 0
463 820 1
752 1332 1
182 1291 0
73 780 0
475 646 2
391 1157 1
297 1199 1
267 330 0
1528 1586 0
1272 1655 1
627 896 1
338 897 1
46 804 0
715 1466 1
34 1457 0
750 947 1
1296 1602 1
294 1517 0
626 1414 1
1392 1419 0
176 331 0
891 1032 1
756 808 0
839 1104 0
1013 1281 0
661 1368 1
730 915 1
430 1343 1
529 1579 1
1053 1588 0
110 339 0
416 1430 1
962 1584 1
124 946 0
614 850 0
422 1081 2
148 642 0
633 800 0
183 747 0
433 573 0
906 1512 0
289 1103 1
893 1548 0
1021 1315 0
846 1463 0
1147 1593 1
216 726 0
1443 1471 1
471 1423 1
610 734 1
802 1030 1
595 932 0
574 1239 0
1304 1444 1
863 1639 1
580 1577 0
30 1549 0
399 749 0
220 337 1
919 1002 2
1173 1367 0
957 1458 1
597 712 0
464 1468 1
335 1194 0
914 1634 1
576 1469 0
795 1019 0
194 367 1
548 1632 0
1387 1571 0
230 814 2
498 823 2
1146 1272 2
228 356 0
750 764 1
199 1235 0
745 893 1
920 1190 1
53 837 1
1295 1632 2
67 612 1
771 1102 1
537 1356 1
190 568 1
920 1093 1
229 287 1
1414 1440 0
1053 1204 0
232 1518 1
420 1203 0
390 1020 1
969 1006 0
364 774 0
1293 1620 0
427 719 1
99 1461 0
565 1290 1
34 933 1
906 1633 0
639 1412 1
160 1172 0
24 1201 0
242 682 0
682 1250 1
588 1612 0
494 1569 2
120 445 1
1326 1581 0
86 196 0
813 1267 0
661 1384 0
21 1005 1
116 973 0
168 1062 1
716 973 0
645 1073 1
270 1584 0
948 1037 0
471 611 1
621 1171 1
95 608 0
1214 1296 2
1171 1323 2
995 1133 0
522 1029 0
454 997 1
252 1062 1
149 390 1
961 1273 0
1099 1324 0
51 1177 0
98 1309 2
118 1608 2
109 885 2
386 633 0
647 1288 0
429 683 0
395 1234 2
915 1091 1
114 628 0
55 178 0
50 771 0
556 1466 0
923 1317 1
275 1574 1
1115 1120 1
333 772 1
430 1010 0
188 189 0
642 1360 0
218 849 1
221 648 0
723 1002 0
1137 1146 0
116 848 0
21 1531 0
107 1111 1
672 1245 2
95 1551 1
904 1300 0
696 1403 2
182 1007 0
712 1511 0
632 893 0
613 821 2
866 996 0
845 1345 1
1045 1327 0
882 1408 1
725 1110 0
138 1583 1
83 220 0
1216 1628 1
1209 1236 0
1102 1374 2
40 1019 1
1044 1171 1
244 1620 1
473 1003 0
493 1401 1
923 1219 1
677 1030 1
848 1435 1
948 1596 0
110 1398 0
141 1264 1
105 1345 0
940 972 0
30 775 0
503 763 0
253 599 0
101 808 1
274 992 0
1293 1369 0
754 1559 0
215 1547 1
214 966 1
93 294 2
434 1141 1
966 1016 1
61 960 0
621 767 0
1120 1386 0
731 1056 0
361 911 1
595 1099 1
256 1150 1
175 878 0
72 397 1
881 1420 1
716 880 0
154 432 1
145 893 2
335 1010 1
985 1480 1
810 1263 0
760 1595 1
295 402 0
455 896 0
1221 1226 1
230 1154 1
486 985 0
532 870 0
86 745 0
562 1550 0
434 516 0
516 526 1
334 1608 2
191 1069 0
1337 1566 0
256 742 0
1177 1433 0
384 440 1
513 1473 1
903 1290 1
299 1078 0
576 683 0
96 1441 0
944 1203 0
923 1186 1
509 765 0
572 1349 1
444 1457 1
338 725 1
561 1211 1
1250 1466 0
908 1191 0
37 1160 0
463 935 1
805 1517 1
734 1018 1
425 1220 1
296 1530 1
728 1588 1
261 1466 2
581 794 1
276 864 0
640 1004 0
1432 1470 2
176 1322 0
68 689 0
354 813 2
235 364 1
665 1108 1
220 1395 1
501 1102 0
1118 1491 0
245 1348 1
395 1655 1
91 315 2
775 1437 1
192 716 0
525 1441 2
245 872 1
1457 1626 1
246 515 0
216 1317 0
25 1037 1
321 1051 1
644 1403 0
951 1284 1
346 627 0
801 890 1
1037 1459 1
811 1346 1
3 1334 1
402 1128 1
596 1122 1
147 1272 1
52 648 2
1552 1590 0
807 1397 1
579 740 0
225 1547 0
868 970 2
310 498 1
924 1127 1
211 903 1
113 1414 0
483 1250 0
26 1497 0
312 1596 2
877 1363 1
578 1003 2
1345 1399 1
181 1183 1
1138 1143 0
790 1230 0
317 909 1
695 1506 1
717 745 1
1458 1582 0
684 763 0
92 171 1
704 1142 0
902 1006 1
764 904 1
495 596 0
1297 1439 0
324 599 1
1188 1544 0
452 847 1
86 1651 1
1152 1316 2
577 631 1
831 1366 1
836 1159 1
947 1177 1
350 496 2
188 1435 0
251 1078 0
273 642 1
1032 1466 0
178 1291 0
431 1236 1
341 1293 1
843 1333 0
152 255 1
569 623 1
484 770 1
231 329 1
546 608 0
1060 1363 2
431 669 0
3 32 1
84 984 1
1049 1507 1
375 907 1
197 1586 0
441 1636 0
711 1370 1
632 934 1
900 958 0
783 1208 0
713 1270 2
967 1595 2
1021 1555 1
605 1152 0
452 1220 2
1145 1375 1
352 1176 1
1087 1658 0
815 1092 0
152 407 0
624 746 0
508 1240 1
74 1321 1
1193 1639 1
479 981 0
123 1197 1
666 843 0
307 664 0
168 278 2
91 700 1
210 253 0
434 1049 0
733 1264 1
536 1607 1
137 564 0
589 989 0
884 1344 1
528 1450 1
1079 1555 2
1188 1212 1
225 915 1
309 1074 0
485 1557 2
482 1625 1
883 1333 1
707 1545 1
309 559 1
948 1283 2
336 1437 0
513 1151 0
1248 1354 0
370 757 2
903 1290 1
697 766 0
101 1402 0
909 1626 0
1044 1310 0
766 1607 1
906 1253 0
196 282 1
646 1373 0
991 1360 1
101 1657 1
272 1061 1
875 1436 0
249 363 2
31 901 1
87 896 1
540 1262 0
48 441 0
1092 1369 2
146 592 0
518 1445 0
1314 1360 1
592 1438 1
763 1339 0
129 525 0
430 626 1
270 770 0
237 1412 1
1478 1566 0
564 687 2
895 1545 1
370 844 1
147 1446 0
97 138 1
234 647 1
1507 1572 1
385 532 1
841 1207 1
510 829 2
446 1511 2
144 340 0
130 206 0
14 1114 1
471 547 0
343 1189 0
405 781 1
521 1275 2
122 1058 2
719 1408 0
1617 1637 1
798 1066 0
878 1279 1
370 448 0
639 1051 0
66 1235 1
93 988 0
520 1262 1
957 1444 1
607 935 1
440 1236 0
18 1334 1
70 1555 0
628 1186 0
614 756 1
665 1048 0
274 1184 0
671 1132 0
115 915 1
1078 1111 1
272 1389 1
487 712 1
240 842 0
1256 1449 1
504 862 0
73 838 0
1074 1387 1
150 1257 0
384 867 1
156 343 2
331 1422 1
330 439 0
78 213 0
282 837 0
116 1065 0
369 862 0
537 1449 0
354 583 0
78 1132 1
237 1344 0
405 1516 0
1116 1395 1
249 284 0
1082 1273 0
86 1528 2
379 1584 0
522 1196 1
1218 1495 1
1145 1468 1
140 1076 0
1272 1302 0
963 1040 0
1035 1538 1
117 310 2
1089 1544 1
384 614 1
95 448 0
1053 1119 2
1186 1418 0
1219 1371 0
1486 1591 1
887 1241 0
323 1641 1
935 1629 1
100 1078 0
233 1583 0
357 919 1
798 1514 0
20 275 0
1042 1610 1
1250 1541 0
184 1356 1
352 450 1
878 1080 0
418 712 1
555 709 1
653 1001 1
299 1100 2
34 121 1
105 393 1
528 584 0
161 645 0
85 1070 1
417 1385 0
995 1168 1
68 1300 0
687 1600 0
750 799 0
270 297 0
583 1221 0
541 920 1
565 1067 1
560 616 0
820 1254 1
283 1491 1
4 1178 0
1 648 1
534 1598 0
168 1603 0
57 464 1
1286 1541 0
1135 1159 1
1188 1515 2
134 727 0
1033 1203 0
147 946 2
96 531 1
341 1508 0
309 622 1
267 1496 1
271 990 0
1225 1555 2
241 269 0
1359 1496 1
24 632 1
505 558 1
306 896 0
196 555 0
409 1416 0
421 1252 2
246 716 0
620 639 1
628 1596 1
789 1272 0
86 416 1
223 1633 1
737 1243 1
660 1201 0
6 784 1
347 600 1
953 1404 2
38 1080 2
217 1415 0
65 1285 0
228 320 0
363 1442 0
436 740 0
1324 1357 1
390 1610 1
280 1010 0
83 1086 1
567 1494 0
705 1038 1
109 958 1
192 1168 1
3 1213 1
427 559 1
68 877 1
755 1062 0
100 1576 1
224 618 1
1007 1174 1
242 881 1
16 31 0
1258 1466 0
685 1580 1
539 1390 0
30 590 0
797 1272 1
920 1577 1
163 842 1
725 1566 1
662 1262 0
609 1096 2
74 1259 2
1196 1468 0
585 1188 1
388 1293 0
583 591 0
88 933 0
471 1575 1
590 1379 0
1060 1108 0
701 1453 1
1194 1604 1
481 725 1
174 1259 1
1372 1529 0
1076 1544 1
513 569 0
170 1606 0
245 1063 1
538 920 0
688 1452 0
780 1057 1
366 523 2
732 1189 0
893 1243 0
698 1471 0
122 297 1
127 485 1
209 1323 0
527 654 0
24 1634 0
129 718 0
328 746 1
37 1525 0
1027 1328 0
117 1252 1
1110 1199 1
305 455 0
456 912 1
638 1355 0
1308 1644 1
44 902 0
252 1080 1
480 1208 0
894 1410 0
1045 1202 1
626 932 1
761 1222 1
1116 1331 1
583 1545 2
393 932 0
0 1527 1
4 586 0
1289 1323 0
195 732 1
332 1631 1
667 1154 1
412 567 0
423 1069 0
1098 1115 0
622 634 0
918 1320 0
858 1553 1
1169 1654 0
624 1304 1
914 1505 1
996 1137 0
395 1374 1
170 223 1
28 1504 2
269 546 0
24 851 1
861 1424 0
362 404 0
708 998 0
109 787 0
202 973 1
1512 1582 0
399 1513 0
654 971 1
164 186 2
689 693 1
974 1029 0
1014 1445 0
1310 1399 1
188 1607 0
67 1363 0
274 1277 1
86 487 2
755 890 1
316 1167 0
1001 1492 1
32 1384 1
410 563 1
1121 1168 0
1503 1524 2
507 1218 2
824 1480 0
668 672 1
137 1439 1
45 589 1
602 1319 0
53 1233 0
170 1160 1
404 969 1
730 1356 0
189 1089 0
507 1284 0
517 968 1
264 423 0
834 1401 0
92 219 0
374 1000 1
124 1352 1
616 855 0
782 1430 0
413 751 1
236 361 0
75 349 0
440 673 0
938 1151 0
84 1441 2
387 958 0
333 743 1
466 1120 1
695 1462 1
519 950 1
180 313 1
145 325 0
103 476 1
203 1270 1
1059 1208 2
852 1351 1
928 982 1
19 1578 1
365 1037 1
429 529 1
304 1529 1
322 1532 0
780 1407 0
340 861 1
169 340 1
351 608 0
197 233 1
758 1466 1
438 920 1
968 1126 1
224 865 1
189 331 2
1617 1625 1
543 793 0
13 643 1
814 1509 1
589 1594 1
988 1209 0
113 1158 2
440 1024 1
781 1003 0
310 1272 1
1261 1617 1
577 1127 1
405 1168 1
1188 1280 0
394 644 1
92 1273 1
277 949 1
751 1016 2
135 741 0
38 1490 0
1212 1369 1
579 1544 1
1022 1235 1
12 1435 1
760 1614 1
980 1462 0
398 1637 1
996 1322 1
1113 1405 1
202 663 2
58 523 2
188 897 1
938 1410 1
358 1401 1
1031 1241 1
736 1651 1
237 314 1
890 1562 1
1370 1525 0
282 347 0
326 1410 1
1384 1628 1
953 1147 1
592 1612 0
1297 1365 0
554 819 1
615 1372 0
467 944 0
62 305 0
211 1324 1
417 793 2
1272 1515 0
460 1548 1
1163 1359 2
249 977 1
586 774 1
336 426 0
280 956 0
105 792 1
399 886 0
90 1509 1
138 428 0
652 1318 1
1554 1631 1
456 764 1
753 1261 0
330 1048 0
1427 1569 0
767 1270 0
37 586 0
1396 1427 0
784 1631 0
24 905 2
1270 1352 1
439 1513 1
1606 1622 0
362 503 1
1264 1308 0
1368 1528 1
1390 1627 2
338 1080 2
776 1102 2
1247 1658 1
757 1054 1
2 837 0
1004 1033 1
413 1598 1
37 257 0
1065 1594 1
436 1429 1
281 1626 0
112 1376 0
185 664 0
586 709 1
617 699 0
256 582 1
97 262 1
533 788 1
1533 1614 1
1025 1647 0
297 1111 1
741 1016 2
628 1383 2
1284 1465 2
803 911 0
203 865 0
345 889 0
463 1010 0
79 1597 1
978 1367 1
1368 1485 0
131 1445 0
142 1317 0
810 1480 0
98 1656 1
6 943 1
475 1163 0
1516 1633 0
1541 1650 1
787 1374 1
696 1545 0
411 1333 2
1106 1352 0
560 1237 2
209 1075 1
1246 1322 0
1286 1649 1
404 1460 1
407 770 0
748 1315 0
91 194 1
55 1157 1
241 1087 0
54 1397 1
309 1164 0
578 651 0
421 1369 1
665 867 1
132 1495 1
577 940 0
78 488 0
539 1107 1
730 1480 0
309 868 1
428 729 1
960 990 0
317 1256 1
282 934 0
170 570 1
262 465 1
2 961 0
655 1353 1
52 1435 1
662 953 1
555 698 0
696 1186 1
87 134 0
168 403 0
633 882 0
223 1410 0
19 1396 0
263 1202 0
834 1324 1
1415 1439 2
742 1623 1
977 1511 0
277 1015 0
168 1565 1
714 986 0
691 1481 1
728 1589 0
305 779 1
711 714 0
1168 1415 0
1339 1543 0
1206 1602 0
435 907 1
675 1475 0
104 541 1
346 703 1
860 1052 0
50 1575 1
108 1585 0
1323 1611 0
185 220 1
659 1289 1
229 1644 1
160 859 1
145 1381 1
1451 1513 0
275 721 1
222 706 1
583 1547 1
279 938 0
669 786 1
213 600 1
51 1243 2
881 976 2
958 1416 0
619 968 0
431 707 1
901 1026 1
141 310 1
197 667 1
896 1325 0
334 1467 0
106 1514 0
218 1271 1
978 1133 0
566 1236 1
228 628 1
799 1044 1
120 582 1
448 1258 0
1044 1218 0
326 633 1
582 948 0
1130 1275 0
1293 1369 0
522 646 1
1384 1396 1
788 1528 1
1189 1615 0
266 1446 0
119 259 0
294 1605 0
953 1394 1
425 1260 0
660 827 1
380 1165 1
281 1216 0
1394 1488 0
307 423 0
667 1217 0
434 1507 0
290 632 0
1636 1649 2
683 1267 0
440 1620 2
617 902 0
884 1129 2
905 1235 1
111 457 0
242 842 0
234 948 1
298 1175 2
353 1312 0
782 1367 0
75 964 1
991 1605 0
1033 1144 1
321 673 0
624 635 0
220 1637 0
1191 1260 0
1217 1435 1
432 1579 0
32 384 1
161 1222 1
398 757 1
807 976 1
720 1310 1
41 248 1
44 628 1
587 1278 0
880 971 1
177 1487 0
1431 1492 1
713 1254 0
181 1066 2
598 1165 1
1429 1649 0
1058 1559 0
1248 1439 0
103 448 0
411 1368 0
1159 1396 0
106 593 1
625 802 0
930 1509 1
485 617 0
1331 1520 1
714 821 0
1426 1575 0
393 861 0
352 696 0
704 1406 1
923 1651 1
674 1216 0
240 994 1
502 1090 0
721 1333 1
157 255 1
23 79 0
372 1226 1
288 739 0
230 1611 1
136 1641 1
543 644 1
579 1636 1
1138 1445 0
754 1122 0
306 838 0
327 537 2
98 1440 0
1073 1479 0
581 660 0
54 401 1
343 1050 0
213 1595 0
298 1522 1
359 895 1
282 1168 1
659 1151 1
79 1232 1
210 248 1
658 1256 0
90 1326 1
908 916 1
122 978 0
90 1225 1
374 1111 1
234 1031 1
1105 1371 0
372 1083 1
1222 1624 1
256 1658 1
754 1032 0
766 1612 2
959 1485 1
1240 1324 0
1353 1571 0
478 1088 0
1271 1633 0
702 1203 1
304 1648 1
135 603 1
824 1473 0
920 1161 1
691 1156 1
987 1243 1
180 404 0
98 1415 0
1067 1575 1
599 758 1
1201 1518 0
492 1220 1
352 854 0
679 680 1
9 1509 0
609 1095 1
595 849 1
985 1469 2
202 813 0
756 1640 0
285 471 1
561 1657 0
375 424 0
573 1112 0
70 535 0
350 1473 0
541 1051 1
118 580 1
165 193 1
40 1010 1
569 1090 1
120 647 0
698 1293 0
297 1165 1
117 1165 1
1060 1319 1
1567 1621 0
74 1059 0
279 1231 0
639 739 0
150 292 2
76 1175 0
1037 1577 0
523 1487 0
159 342 0
454 763 0
1187 1570 1
825 1266 1
604 1195 1
434 1653 0
1260 1429 1
1322 1478 0
1391 1576 0
1259 1606 1
363 585 2
34 1352 0
374 1460 0
1093 1276 0
265 1478 2
263 313 0
973 1162 1
138 809 1
680 1164 1
88 1464 0
326 617 1
496 1226 1
219 727 0
1090 1399 1
451 1232 1
1202 1555 0
759 1022 0
1230 1415 1
159 1534 1
422 1362 1
534 1654 2
1116 1525 0
453 657 1
72 1171 1
334 1325 0
164 1478 2
496 782 1
608 1466 0
722 850 0
380 781 0
490 561 0
211 1439 0
487 1194 1
99 1332 1
763 1267 2
362 505 1
213 1226 1
402 673 0
291 901 2
874 1166 0
675 1549 0
1012 1265 0
1014 1625 1
243 1532 0
657 1248 1
351 1532 0
21 1540 2
339 1496 0
886 1035 2
565 1236 1
1290 1540 1
451 1147 0
92 1195 1
775 885 0
312 1332 2
422 1609 0
260 439 0
1095 1250 0
1205 1238 1
488 1025 0
1155 1624 0
358 1513 1
343 1213 0
1156 1442 2
510 1022 0
81 907 0
7 8 1
174 571 0
676 1538 0
559 1625 1
139 398 0
223 1573 0
1159 1573 0
53 1501 0
358 679 1
319 1509 0
1060 1210 1
209 1458 0
690 835 0
293 1151 1
57 539 1
776 926 1
1232 1480 0
848 1526 1
154 559 1
156 1167 1
30 187 0
1274 1581 0
410 601 1
984 1620 1
819 1531 1
423 1232 1
634 1106 0
186 1189 0
229 441 0
46 1627 1
1119 1196 0
42 109 1
1158 1433 1
395 483 2
192 1568 0
591 1633 0
1018 1349 0
29 391 0
304 765 1
822 952 1
331 458 0
73 761 0
1494 1559 1
649 1159 0
584 1450 0
232 378 0
319 1034 2
810 1308 0
481 536 0
89 883 1
82 1634 2
1203 1515 1
879 1482 0
639 900 1
817 1414 0
15 1246 0
803 1295 0
116 1399 2
896 1020 1
268 1180 0
806 1590 1
385 1359 0
248 1365 2
886 1192 0
165 1562 1
939 1139 0
695 785 0
720 1144 0
1115 1458 1
215 1272 1
211 565 0
478 889 0
923 1003 0
57 347 1
473 1080 0
991 1239 1
459 676 1
481 1282 0
786 1411 1
1064 1477 2
840 1336 0
666 970 1
188 358 0
103 354 1
382 1389 1
824 1073 0
1366 1408 0
1098 1425 0
57 1266 0
104 172 0
936 1617 2
114 1647 0
932 1495 1
163 1494 1
271 1614 0
1154 1620 0
346 465 0
1540 1592 1
907 1594 0
42 1502 1
159 1146 1
1307 1474 1
104 198 2
420 784 1
460 780 1
78 1175 0
348 851 1
53 1205 0
652 785 0
1274 1412 0
586 744 0
998 1565 1
1045 1072 1
139 495 0
824 1311 0
1469 1505 0
570 577 1
441 1154 0
347 1045 1
241 962 0
801 1092 1
12 967 1
273 403 1
99 672 0
1054 1157 1
387 455 0
356 1228 2
1020 1121 1
69 130 0
81 1619 0
269 1057 1
1212 1259 1
101 198 0
339 1535 1
1108 1214 1
1123 1239 1
650 978 0
39 1533 1
294 742 1
588 1247 1
547 991 1
975 1231 1
86 1517 1
20 1624 1
459 1134 0
187 315 1
768 1321 1
1055 1376 1
497 919 2
849 1221 1
234 306 1
628 1394 1
566 1261 2
359 950 1
82 233 1
789 1417 0
175 513 1
670 1008 1
248 1535 0
669 1039 0
289 928 0
67 792 1
23 402 1
297 653 1
342 459 2
591 1236 0
1423 1651 2
689 1252 1
747 1353 1
258 644 2
838 1374 1
905 1604 1
526 1609 0
128 1180 1
573 873 1
1089 1124 0
662 1021 1
1553 1570 0
930 1477 0
155 885 0
460 1490 0
1449 1452 1
1305 1547 1
6 810 1
844 1013 1
467 1365 1
20 306 0
17 1335 0
796 860 1
932 1254 1
42 1467 2
99 395 0
331 1225 0
490 1523 0
930 1128 0
377 483 0
105 1355 0
210 880 0
537 929 1
334 524 1
1030 1473 0
663 766 0
188 1244 1
218 647 0
590 860 1
464 1526 0
377 1550 1
441 593 0
258 1192 1
1368 1467 1
428 1162 1
1241 1641 0
382 387 0
125 1055 1
363 748 1
873 1131 1
589 952 1
135 298 1
244 1500 1
888 1159 2
960 1450 0
225 520 0
660 1057 0
538 1188 1
321 713 1
963 1335 1
835 1286 1
357 834 0
1577 1593 0
904 1443 2
269 917 1
466 1102 1
317 1195 0
970 1310 1
437 559 1
117 1174 1
172 665 2
91 1481 0
761 1051 2
815 1205 1
719 1182 0
971 1420 0
108 327 0
11 1155 1
178 1195 0
443 756 0
765 1464 0
220 1195 0
566 781 0
1074 1108 0
346 959 2
210 1341 0
88 138 2
717 1460 0
1620 1657 0
327 1543 1
779 1354 1
304 382 0
661 1576 0
77 781 0
1459 1539 1
406 635 0
495 1592 2
328 593 1
1362 1619 0
604 1562 0
196 619 2
91 1043 0
622 1089 1
951 1222 0
349 1358 1
435 601 0
334 1488 0
1176 1558 2
547 1428 1
355 1201 1
891 1526 0
887 1055 1
93 233 0
1124 1193 0
1218 1256 1
648 1112 0
326 752 0
319 875 0
761 1558 0
658 1556 1
250 1079 0
170 974 1
250 448 0
186 965 1
239 419 1
314 1055 0
854 1018 1
399 1364 1
1015 1149 0
652 803 0
178 654 2
462 1347 1
586 1544 1
141 441 0
323 1296 2
171 1030 2
71 1113 0
758 1617 1
143 443 1
890 1215 0
246 1518 1
820 1081 0
32 1346 0
518 1507 0
14 545 0
986 1584 0
301 1597 0
1106 1468 0
33 739 0
1646 1647 1
607 1361 1
51 1304 0
46 292 1
668 734 0
570 1142 1
867 1367 0
564 991 0
1575 1641 0
280 971 1
821 1232 0
1057 1570 2
1411 1611 1
292 1502 0
173 339 2
851 1520 1
316 925 0
331 830 0
833 853 0
528 855 0
343 529 1
210 409 0
803 1035 0
59 1488 1
650 1011 0
817 1421 1
573 754 1
1232 1376 2
1358 1363 2
7 1159 0
187 644 0
1116 1458 0
1240 1320 1
187 884 0
1083 1320 0
95 443 1
344 1419 2
650 1652 0
1011 1041 0
1107 1353 1
377 470 0
508 949 1
520 843 2
618 1282 1
483 1190 1
764 1129 0
166 1534 2
298 1030 1
1118 1188 2
466 611 1
1020 1081 1
613 1038 1
530 1463 0
572 1274 1
747 1267 0
275 595 2
3 684 0
1378 1553 1
111 1485 1
1420 1557 1
241 664 1
754 1637 1
613 1446 2
8 1519 0
697 980 1
706 725 0
1216 1481 0
165 1230 0
615 1257 0
16 1410 1
546 1287 2
1141 1453 0
840 1101 0
346 777 0
1196 1358 1
973 1268 1
621 1528 1
546 697 0
326 1035 0
360 848 2
1023 1263 1
1548 1616 0
124 579 1
140 1553 0
619 1099 1
253 1132 1
11 240 0
1003 1503 0
831 1229 1
1372 1554 0
577 1194 1
513 1423 2
102 1632 0
741 1052 0
119 214 2
1280 1653 0
270 1206 1
931 1575 1
165 1196 2
355 1202 1
411 621 0
278 1299 0
357 813 1
82 1356 0
937 1552 0
1062 1480 1
611 836 0
1017 1178 0
80 1093 0
73 496 0
1466 1501 0
1526 1634 0
958 1270 0
1321 1374 2
1091 1424 0
208 1449 0
232 1586 2
396 711 0
229 610 1
302 1049 0
1383 1438 0
26 82 0
625 1577 0
69 722 1
77 105 0
140 1065 0
733 1438 1
566 1047 2
466 1069 0
196 515 1
439 1587 0
100 1513 1
441 1368 1
1068 1586 1
499 525 0
1609 1635 1
1322 1438 0
462 972 1
360 1329 0
1191 1202 1
1247 1498 0
25 1498 0
1462 1540 0
386 779 0
88 228 0
367 1424 0
543 1145 0
10 776 1
56 139 0
1169 1491 2
265 417 2
1062 1157 0
482 1488 0
80 311 1
457 1524 1
557 977 0
8 836 1
438 1199 1
985 1041 2
18 1023 1
1142 1388 1
149 1180 1
766 1134 0
412 657 0
138 293 1
282 992 0
552 1229 1
913 1475 0
475 1166 1
560 933 1
278 1158 1
1413 1532 2
633 1146 1
242 586 1
474 944 1
285 554 0
1262 1298 0
265 370 0
1392 1639 1
388 990 0
903 1296 0
92 1168 1
393 1072 1
189 911 1
366 1093 1
425 1448 2
28 953 0
220 1631 0
99 1464 0
661 1603 0
281 1448 0
443 1318 1
426 533 0
458 1135 0
464 1199 0
148 1400 1
688 853 1
796 1522 0
765 1505 1
761 920 1
156 416 0
699 1600 2
1291 1452 0
99 1316 1
738 1213 0
149 1101 1
539 1160 2
85 702 0
171 1567 0
1217 1342 0
224 1323 1
716 1214 0
478 642 1
332 347 0
982 1343 1
384 635 1
712 1405 0
293 883 0
776 847 1
225 1178 0
676 1434 2
167 1395 0
222 626 0
1121 1191 0
1121 1288 1
727 1320 1
602 1137 1
11 768 0
461 684 1
249 1554 1
213 648 0
270 441 1
714 1633 2
798 1193 0
760 1151 1
768 1141 1
415 1328 2
67 1266 1
1413 1589 0
252 1390 1
249 894 0
1007 1325 1
276 511 2
573 1095 1
844 1163 2
48 1280 1
287 538 0
294 295 2
413 728 0
331 1109 0
156 778 0
827 1237 1
181 246 0
747 853 1
101 865 1
1217 1388 0
47 1049 1
480 1585 1
1293 1515 1
414 1428 0
510 932 1
889 1479 0
821 1264 0
832 931 2
280 1277 0
65 924 1
362 898 0
1032 1188 1
413 891 0
125 1406 0
135 839 1
510 591 1
677 1239 0
1376 1598 0
44 1289 0
280 836 1
94 797 0
208 538 0
748 942 1
1213 1242 1
390 1447 1
737 1269 0
402 1259 1
48 1251 0
1467 1554 1
1478 1609 1
1210 1260 0
1006 1140 0
1462 1482 1
365 1318 0
909 1148 1
679 1221 1
619 1438 1
233 1270 0
4 879 1
754 868 1
271 1283 0
807 1102 0
834 1393 1
219 914 1
633 902 0
1406 1523 1
1260 1596 0
298 420 0
204 1209 1
199 1057 1
372 589 1
612 1129 0
150 925 1
732 935 0
1250 1539 1
370 1021 1
6 234 1
1039 1496 0
196 1133 0
804 1489 0
50 718 0
48 1449 0
841 1333 1
761 1488 1
575 788 0
522 1136 1
75 1612 1
1006 1209 0
262 1157 0
849 879 0
569 1421 0
1074 1328 0
439 1301 1
1002 1131 0
579 1379 1
361 1022 2
558 615 2
167 1606 1
464 1412 2
456 472 0
760 1389 0
577 600 1
191 1134 1
895 1377 1
140 829 0
1475 1479 1
105 667 2
74 918 2
994 1053 0
110 1113 1
156 1560 0
125 297 1
273 529 1
786 853 2
1231 1651 1
1129 1518 1
298 555 0
251 1485 1
339 1622 1
1395 1420 0
1238 1624 0
1109 1407 2
295 1285 0
131 1624 0
1407 1413 0
401 1550 0
997 1258 1
1164 1524 1
37 916 0
360 639 0
276 1205 1
1128 1229 0
558 1182 1
251 732 0
514 873 0
121 557 2
460 710 0
1141 1434 1
265 645 1
104 1146 1
396 919 0
436 1447 2
35 841 1
107 1403 0
663 932 0
1218 1595 1
237 1207 0
1225 1255 1
32 1619 0
16 1100 1
683 986 0
969 1168 1
569 1333 0
401 831 0
1271 1338 0
699 1619 1
620 1599 0
232 800 0
562 1141 1
616 1559 0
1450 1479 0
1230 1280 0
802 1397 0
643 1416 0
716 1157 0
451 819 1
1112 1552 0
181 1178 0
1075 1138 0
895 1351 0
796 1558 0
1345 1556 1
911 1294 0
1308 1555 1
35 1279 0
844 1155 0
1567 1657 0
336 1133 1
1 437 1
314 871 0
202 638 0
489 700 0
50 1234 0
950 1490 0
867 1114 0
172 393 1
93 459 1
300 865 1
263 1281 1
275 1125 0
842 1016 0
315 1517 0
809 1249 1
515 846 2
1197 1348 1
411 486 1
483 740 1
248 1352 0
30 1631 1
581 690 0
96 1608 1
572 667 0
148 1344 1
282 460 0
52 180 0
415 1053 0
319 945 1
532 1487 1
381 1244 0
594 1136 0
53 1098 1
42 326 1
162 554 1
291 811 0
344 1099 0
1427 1539 1
63 1446 1
589 1399 1
208 590 1
930 1056 1
525 1159 0
846 1481 0
676 962 1
20 1566 2
422 1323 0
987 1284 0
159 844 1
233 401 1
165 397 0
622 1097 1
382 773 1
1272 1315 0
104 1479 1
173 514 1
78 1473 2
647 1553 1
117 1357 1
200 1200 0
272 1635 0
729 778 0
835 1439 1
157 342 0
59 1593 1
199 341 0
718 1652 1
572 1594 1
398 587 1
76 932 2
524 871 2
1202 1244 0
40 42 0
753 1046 1
612 774 0
138 166 1
582 598 1
433 954 1
235 246 2
1204 1435 1
1363 1544 1
16 1215 0
439 709 2
321 396 2
24 1169 0
640 824 0
78 1417 0
222 392 1
1243 1508 1
447 808 0
1442 1452 1
227 1445 0
25 1047 2
307 1402 1
687 1179 1
192 347 0
884 1113 2
366 1163 0
310 701 0
67 1578 0
36 1333 1
503 1652 1
878 946 0
726 855 1
409 1108 2
1237 1323 1
1096 1434 2
252 1297 0
52 367 0
414 702 1
229 341 1
371 1109 1
1533 1588 2
709 1162 1
1118 1310 0
258 1524 1
990 1246 1
395 730 1
57 843 0
573 1290 0
1191 1588 0
182 281 1
748 939 0
36 687 1
111 542 1
294 1371 1
805 1454 1
230 1480 2
1230 1378 0
687 764 1
63 1267 0
912 1090 0
554 654 0
213 997 1
666 1126 0
1408 1640 0
85 256 0
300 451 1
248 1607 1
1041 1357 0
1110 1561 0
864 1273 1
1157 1547 1
559 1330 0
261 573 1
888 1398 1
1148 1269 0
804 1350 1
893 906 0
564 1282 2
258 555 0
548 1266 1
603 778 1
276 1654 0
38 1182 0
585 1578 0
371 760 1
1133 1410 0
420 751 1
900 1224 1
401 1641 0
134 466 0
404 476 0
259 1155 0
874 1255 0
524 1450 0
155 1636 1
284 672 1
685 749 0
235 462 0
522 841 1
827 1596 1
1366 1367 0
893 1406 1
1433 1510 1
400 679 0
1496 1538 0
809 1610 1
273 1648 0
1090 1387 1
207 479 1
902 1375 1
1087 1251 0
526 1055 2
671 820 0
1054 1390 2
913 1149 1
253 827 0
673 1304 0
531 680 0
226 895 0
896 1571 1
99 409 2
4 1365 0
42 683 1
1237 1367 1
333 1335 2
80 1198 0
1207 1273 1
821 1155 1
905 1435 0
758 1605 1
748 1228 0
625 1152 1
68 1189 1
353 614 0
342 1207 1
1157 1251 0
15 1109 1
671 1343 2
228 1454 1
475 1494 0
234 1083 1
1520 1610 1
868 1021 0
88 328 0
564 901 2
443 615 1
430 874 0
42 1329 0
252 1149 0
428 956 1
94 932 1
542 552 0
423 1319 2
627 882 0
90 327 1
467 913 0
947 1430 2
826 828 0
123 1579 2
398 1210 1
1115 1434 1
139 734 0
161 267 0
359 1376 0
270 1046 0
423 1329 1
725 1020 1
695 1190 0
1223 1556 2
415 512 0
361 1437 0
1107 1302 1
705 971 0
538 1231 2
841 972 1
642 1009 1
228 813 1
144 224 0
453 1098 0
349 1014 1
994 1232 1
1153 1383 0
691 1135 1
581 591 1
230 763 1
95 1449 0
775 1472 1
318 895 1
875 1015 0
406 552 1
226 709 0
791 1392 0
286 1107 0
1262 1655 1
1458 1477 0
610 1511 0
141 811 1
28 763 0
656 829 1
1275 1302 2
1023 1456 1
439 1367 0
957 967 0
1247 1531 1
1084 1459 0
164 746 0
359 492 0
1115 1206 2
713 1314 1
153 1060 0
769 949 1
266 1455 0
462 963 1
1 1034 1
644 676 1
1023 1236 1
186 736 1
656 1598 0
295 452 2
157 1400 1
304 486 1
720 1214 0
115 177 1
144 368 1
235 754 0
110 1005 1
234 1016 1
503 1611 0
274 736 1
784 1058 0
380 1283 0
405 1001 1
572 1529 0
34 473 0
1246 1499 1
919 1383 0
25 1116 0
227 729 1
1372 1456 0
790 1460 2
490 1217 0
405 1495 0
121 1035 1
494 1499 0
731 1200 1
1512 1555 0
1066 1500 0
971 1267 0
318 1033 1
726 1284 1
492 1467 0
111 284 0
194 1331 1
696 1550 0
129 690 0
1016 1191 1
7 937 1
210 1319 1
690 1205 0
289 1335 0
548 875 0
380 695 2
55 526 1
224 1617 2
148 307 1
839 1027 1
144 1376 1
809 957 0
411 1301 0
548 924 0
172 1399 0
745 799 0
1041 1311 0
466 1153 1
1232 1368 1
1018 1451 0
480 508 1
888 1277 1
528 677 1
239 993 1
12 1019 2
616 998 1
306 514 1
603 825 0
502 901 0
292 836 1
62 1325 2
268 444 0
76 460 1
178 605 1
741 1059 0
568 1168 1
426 1376 1
666 834 1
60 662 2
1265 1558 0
667 1501 2
1358 1659 0
1044 1545 1
753 1130 0
107 549 1
148 149 0
574 856 0
221 620 1
297 503 0
110 223 0
207 899 1
321 1546 1
617 1342 0
249 1071 0
131 736 0
38 1045 0
390 1179 0
1175 1250 2
907 1292 1
446 1622 2
695 1082 2
572 1130 0
95 934 2
948 1524 1
504 1252 0
1240 1512 0
25 1296 1
410 424 0
620 1172 1
354 939 0
564 1085 0
3 1393 0
178 304 0
331 581 0
851 1161 1
1236 1434 1
1442 1646 0
52 1072 1
500 1163 0
135 1426 1
259 1487 0
405 583 0
251 1078 1
88 538 0
655 1551 1
113 1554 0
2 98 1
927 936 1
1135 1580 1
1223 1301 1
753 1277 1
431 848 2
1143 1363 1
401 1622 1
394 1248 2
95 1496 0
607 1047 1
1573 1652 1
10 1568 0
1000 1407 0
449 1042 1
70 613 0
899 1242 1
310 1308 0
119 1218 1
853 1367 0
615 663 2
609 680 1
15 1562 1
1234 1405 0
347 955 1
681 1103 1
1006 1220 0
285 1489 1
5 301 1
671 1109 1
76 1541 1
271 444 0
424 1160 2
440 1412 0
845 1607 1
214 1177 0
1381 1456 0
292 293 0
533 1203 0
810 856 1
813 828 2
66 1430 1
581 862 1
1025 1144 1
1038 1126 1
1057 1097 0
1155 1465 0
477 1445 0
1458 1608 1
470 924 1
234 899 2
829 1244 0
1197 1294 1
548 1299 1
595 1640 0
316 748 2
489 607 1
264 728 0
443 806 0
426 462 0
1056 1580 0
398 1420 1
1069 1403 1
223 275 0
935 966 0
289 747 0
568 1520 1
612 1343 0
330 1536 0
514 1203 1
210 934 0
529 535 1
989 1203 1
271 1400 0
680 844 1
236 1042 2
6 805 0
1180 1299 0
1196 1268 0
369 1539 1
1093 1513 0
181 786 1
1474 1560 1
420 485 1
1076 1605 1
799 1526 0
1065 1461 2
963 1588 0
453 886 1
1124 1130 1
421 953 1
1086 1152 1
532 1100 0
767 1219 0
784 1138 0
285 675 1
753 1612 1
811 1110 1
499 848 1
410 1216 0
890 1024 0
173 657 2
465 1624 1
138 825 1
1346 1508 1
381 921 0
586 1044 0
641 732 2
50 1281 0
905 1654 1
833 1491 0
1218 1239 0
1289 1371 0
801 1467 1
81 858 1
332 618 0
1163 1550 0
371 1117 0
1169 1222 1
142 1358 0
262 593 1
441 1299 1
77 1542 0
1105 1332 1
457 949 0
1339 1619 1
1043 1197 2
363 736 0
297 1653 1
118 1090 1
183 510 1
196 1436 0
19 933 0
117 452 0
480 1551 0
97 326 0
51 1294 0
72 971 1
682 1173 2
1488 1592 1
49 247 1
1288 1380 1
1284 1636 0
763 841 1
534 1359 0
1323 1460 0
398 876 1
1039 1313 1
307 1244 0
1110 1120 0
558 1225 1
934 1629 1
386 709 0
1069 1536 0
150 1474 0
1242 1434 0
943 1296 1
747 975 0
262 857 0
1068 1336 1
1284 1413 1
120 1408 0
92 1467 1
374 1606 0
661 1134 1
358 1319 1
1249 1524 0
1107 1312 0
801 1457 0
734 1252 0
234 864 1
164 1178 2
158 1320 0
922 1536 1
1048 1433 1
1231 1292 1
158 690 1
435 1234 1
846 885 0
1043 1629 1
159 271 1
617 874 0
947 983 0
140 518 1
531 1129 0
656 717 1
508 1500 0
375 898 2
907 1004 1
35 1552 1
410 817 1
1370 1521 1
79 1522 1
720 1067 1
135 657 0
484 1486 0
298 1288 2
2 679 1
276 1277 1
275 685 1
1279 1307 1
881 1209 1
414 1201 1
771 1069 0
63 878 0
448 1309 0
291 321 0
781 1631 1
151 1407 0
924 1491 2
659 1470 1
812 1557 0
518 1519 1
633 1071 1
197 501 1
1084 1582 1
544 635 1
722 1580 2
529 1631 0
76 1446 0
1042 1188 1
158 1397 0
495 1406 0
330 1558 0
392 1282 1
446 1603 1
55 1539 0
754 1234 1
106 1158 0
258 957 0
519 1071 2
492 787 0
384 444 1
121 257 1
48 893 0
75 681 1
1164 1566 1
376 501 0
903 1268 2
936 1092 1
27 803 0
286 425 0
925 1569 1
784 868 1
757 1120 0
320 706 1
942 1558 2
303 1276 1
1090 1180 1
379 1096 0
859 1606 0
106 370 1
832 1158 0
758 877 2
313 975 1
547 1326 0
237 427 0
480 1347 2
363 693 0
1465 1601 1
604 1504 1
831 1440 1
429 1618 1
113 475 1
557 883 1
890 1577 1
690 901 0
50 514 0
333 1388 2
453 1434 1
447 1632 0
415 1106 1
65 705 0
534 1145 1
129 899 1
172 524 1
248 526 0
15 1515 0
41 74 0
1456 1472 0
39 510 0
581 1115 0
701 1301 2
325 1000 1
32 584 0
418 832 1
284 1200 0
511 724 0
1196 1435 0
686 1257 0
686 1331 0
138 1211 1
1058 1096 1
292 985 1
73 1136 0
1438 1591 0
661 946 1
1147 1418 1
517 952 1
1411 1586 2
346 1484 1
1603 1647 1
829 1244 0
1340 1467 0
1012 1190 0
214 404 0
207 499 0
168 973 1
1000 1351 1
636 970 1
349 1509 1
191 1562 1
316 392 0
102 1225 1
267 1498 0
170 1176 0
120 457 0
886 1043 0
112 1481 0
1150 1510 1
284 789 1
1013 1085 0
725 1396 0
1243 1505 0
406 662 2
493 1327 1
479 1642 1
909 1600 0
985 1303 0
1460 1652 0
470 983 1
663 1481 1
966 1063 0
150 211 0
147 608 1
148 1260 1
1 879 1
5 994 0
184 580 0
819 851 0
393 410 1
347 1280 1
207 215 1
304 956 1
289 889 0
314 384 1
84 1639 1
501 858 1
154 982 1
739 1468 0
230 249 0
5 789 1
799 1374 0
776 1116 0
841 1511 2
420 939 0
1309 1445 1
179 1597 0
429 823 0
42 498 1
88 934 2
709 951 0
208 567 0
330 567 1
1314 1396 1
18 1516 1
318 1036 1
576 1078 0
1243 1541 0
70 1167 1
469 691 0
715 797 0
226 649 0
177 1109 0
1003 1486 0
854 1139 0
1362 1461 0
100 1414 1
782 1456 1
628 643 1
672 750 1
1259 1476 1
284 832 0
135 215 0
635 921 0
388 902 2
341 1177 2
232 876 1
730 1023 1
331 607 1
131 1160 2
351 889 0
536 1642 1
547 1192 0
454 992 1
396 1224 1
966 1598 2
1029 1430 2
1 828 0
729 961 0
11 1019 0
815 976 0
133 507 1
55 482 1
762 1457 1
883 1521 0
605 847 1
405 570 1
532 1322 1
588 1024 0
425 1199 1
393 934 1
713 933 1
144 148 1
781 1405 1
245 1479 1
663 1455 1
990 1350 0
77 205 0
588 652 1
667 780 0
77 1553 0
408 1298 1
461 603 0
472 1042 1
1011 1300 0
693 1638 0
342 1040 0
375 1101 0
1286 1474 1
396 1227 1
805 857 0
60 1198 0
832 930 0
0 141 0
1355 1551 0
1267 1327 0
1126 1651 0
245 1464 1
973 1512 1
763 1093 0
740 1046 1
328 1368 0
189 298 0
873 1475 2
761 1267 1
6 1014 0
265 760 1
63 763 0
1393 1565 1
695 1075 2
146 1603 1
87 190 0
140 545 1
7 532 1
417 761 1
538 1594 0
241 319 0
484 1435 1
899 908 0
356 1539 0
156 315 1
1252 1557 0
288 1568 0
238 957 1
165 1326 1
687 1103 0
385 990 2
156 1492 0
963 1413 1
630 668 0
720 1656 0
1056 1104 1
763 1236 1
1214 1435 1
180 599 0
691 773 0
726 901 0
333 1372 1
1389 1581 0
308 953 1
147 1111 0
3 126 0
301 937 1
850 1188 0
206 1508 0
847 1642 0
65 663 1
1234 1326 0
1029 1179 1
299 1357 0
1183 1529 1
600 788 0
970 1438 0
8 559 1
1300 1319 1
564 621 1
897 1636 1
17 1511 0
585 1339 0
1292 1419 1
37 378 2
288 1238 1
989 1449 0
172 478 0
756 850 1
191 788 0
696 1285 1
76 1065 1
498 1348 0
681 1201 0
174 1301 0
779 1606 1
31 612 1
1256 1387 0
1094 1172 1
936 1245 0
252 1341 0
892 1456 0
316 1338 0
4 941 0
383 1141 0
453 1306 0
511 1606 0
7 1263 0
578 1092 0
1402 1428 0
25 609 1
249 1621 0
56 1547 1
375 1434 1
356 1339 1
310 1074 0
1576 1637 0
190 1179 2
22 1094 1
506 1116 1
139 1638 1
651 1411 1
808 1593 0
100 559 0
241 1040 0
29 1310 0
41 1479 0
77 1136 1
320 1657 1
485 1354 1
453 649 1
236 573 2
1059 1530 1
1539 1601 1
658 761 1
399 742 1
191 849 0
401 1509 0
1319 1630 1
1381 1654 0
216 444 0
274 491 1
524 739 0
792 1211 1
1372 1386 1
437 1636 0
735 872 1
232 1478 1
40 850 0
1158 1167 0
423 581 0
5 783 0
764 939 1
713 1647 1
1059 1422 0
180 239 0
1260 1391 1
318 1207 0
735 1207 1
617 1359 1
1158 1286 0
331 888 1
243 776 0
733 909 0
1068 1621 0
509 988 1
975 1487 1
938 1343 1
1026 1526 0
1228 1355 0
647 972 1
253 269 1
617 778 0
886 1301 0
1001 1117 0
603 1070 0
1030 1428 1
376 1153 0
835 1004 1
374 1394 1
824 1392 0
1159 1467 0
154 1113 1
649 1261 0
706 1120 0
563 565 0
777 1394 0
28 1404 1
659 930 1
959 1422 1
43 1590 0
185 786 1
819 1467 0
1079 1469 0
1222 1488 1
549 1542 2
206 976 0
941 1577 1
404 1080 1
848 1512 1
1333 1471 1
592 730 0
176 231 1
341 1210 0
158 344 1
460 1175 1
1 48 1
578 1598 0
493 908 0
458 623 0
599 1445 0
1055 1576 0
879 1534 0
584 1120 1
445 1084 0
906 1532 0
1224 1457 1
192 225 0
871 1059 1
5 516 0
657 1593 0
1003 1401 0
1266 1321 0
559 797 1
627 1143 1
35 1050 1
210 353 1
389 667 0
62 937 1
640 1064 2
695 716 1
250 423 1
1341 1404 1
785 1071 0
1046 1598 0
611 1638 0
307 406 0
361 1620 2
169 569 1
344 1581 1
53 957 0
261 397 0
693 1007 0
238 1443 0
1141 1317 1
203 1144 0
67 481 0
1095 1251 0
456 996 1
346 1300 1
463 852 0
1192 1332 1
1005 1144 0
1177 1226 0
521 1577 1
484 1100 1
70 676 1
1141 1643 0
206 452 0
973 1459 0
845 1476 0
461 886 0
225 1469 0
13 1649 0
68 1123 0
203 457 2
148 1074 2
276 757 0
1016 1115 2
1316 1649 2
301 705 0
20 212 0
327 804 0
135 1631 1
515 539 1
37 661 1
1222 1603 1
575 1631 0
564 1443 1
1392 1537 1
359 372 2
509 1412 0
709 1402 1
159 1273 0
351 654 0
50 1371 0
1224 1368 1
373 1245 1
1155 1647 1
1035 1091 2
1077 1269 1
979 1439 1
482 987 0
292 646 1
1419 1505 1
399 1205 1
500 665 1
1406 1607 1
173 594 1
629 653 0
697 993 1
494 750 0
115 637 0
180 1542 0
455 840 1
802 891 0
472 871 0
86 354 1
804 1018 1
143 159 1
157 348 1
1377 1582 0
141 1557 0
450 1047 0
408 844 0
236 605 0
1037 1216 0
532 1517 0
110 451 0
216 396 1
141 1170 1
156 1501 0
50 1651 1
722 1027 1
1080 1581 2
476 857 0
351 904 0
287 369 0
917 949 0
86 122 0
507 1546 1
57 1454 0
836 1495 1
1280 1359 0
153 491 1
267 640 0
306 744 1
404 678 1
626 1153 0
891 976 0
216 220 1
376 1414 1
221 1115 0
513 1630 0
137 1274 0
631 859 1
341 1047 1
837 1535 1
243 955 1
79 947 1
289 1159 0
798 1380 1
1058 1341 1
709 1069 0
452 936 1
337 469 2
518 989 1
264 1112 1
868 1084 0
1433 1530 1
954 1113 0
79 1373 0
654 713 2
801 1642 1
664 777 2
199 868 0
1052 1287 0
1129 1280 0
43 1051 1
443 907 1
84 1309 0
887 997 0
157 753 1
501 894 1
778 985 1
818 1349 0
0 644 1
1278 1370 0
154 1224 2
1569 1583 0
827 1209 0
122 1262 1
608 844 2
1204 1521 1
426 990 0
1031 1309 1
314 1097 0
973 1576 0
837 1081 1
370 512 0
1348 1502 1
145 485 0
755 877 1
309 1209 2
411 458 2
937 1110 1
1047 1341 1
121 270 0
236 1187 1
384 573 2
1386 1461 1
248 398 0
592 812 1
382 739 0
364 1537 0
834 913 0
34 621 1
126 642 2
345 1356 0
370 603 1
24 966 0
17 998 1
80 492 2
480 1171 0
43 1448 1
574 725 0
961 1475 0
829 1403 2
434 1411 0
150 1494 0
386 1346 2
796 1268 0
591 1458 0
1384 1653 0
629 1476 1
584 1119 0
960 1094 0
59 761 0
292 933 0
224 296 2
1082 1337 0
329 1477 0
304 1476 0
1037 1590 1
1005 1345 0
57 1434 0
93 936 1
673 684 0
243 1536 0
1449 1464 1
1174 1213 0
525 757 0
511 600 1
241 433 0
330 393 0
1067 1576 1
340 634 0
412 1493 0
227 896 1
1472 1653 1
55 563 1
653 1031 1
34 1333 0
727 1514 0
400 1510 0
512 926 1
501 1414 0
563 1308 1
216 853 1
297 1012 1
210 1060 1
26 788 0
65 403 0
302 1411 0
1349 1587 0
217 634 0
184 1141 0
129 1154 0
1012 1657 0
106 720 0
3 769 1
382 1641 1
555 954 1
59 1252 1
329 1453 1
527 1015 1
80 842 1
1048 1223 1
902 1365 1
626 1387 1
163 419 0
564 1588 2
571 776 1
503 1616 0
817 1431 1
1141 1481 1
789 1584 0
821 1276 1
908 1306 0
438 732 1
745 802 0
234 275 0
283 329 1
347 813 0
411 1190 2
289 568 1
558 1253 1
955 969 0
226 1412 2
941 1028 1
1449 1520 1
183 1485 1
548 887 0
347 1096 0
57 238 0
133 831 1
908 1465 1
233 1528 1
487 555 0
83 1098 2
213 317 1
139 1584 0
1434 1628 2
176 238 1
343 509 1
725 1251 0
291 1454 1
1603 1626 0
705 1540 0
609 900 0
400 421 0
903 1507 0
25 1584 1
348 742 0
322 544 1
228 1566 1
159 1383 1
312 1111 1
292 715 0
401 1591 1
213 692 0
442 745 1
344 1232 2
97 857 1
1301 1591 1
418 737 0
150 485 0
703 782 0
432 1531 0
884 1127 0
300 510 1
914 1638 1
779 1049 0
502 1405 0
25 800 0
772 786 2
962 1575 0
718 1295 1
521 1432 1
92 276 1
984 1048 0
5 936 0
38 1439 0
325 865 0
1173 1185 0
180 1106 1
247 1230 1
603 743 2
114 421 0
85 1155 2
859 1533 1
587 1530 1
285 1316 0
424 1310 0
311 933 1
936 1618 0
643 1465 0
192 1504 0
46 841 0
123 1061 2
601 1292 0
381 1134 2
171 380 1
434 627 1
1521 1567 0
640 816 1
102 261 1
52 945 1
1000 1198 1
648 1632 1
125 751 0
1314 1326 0
246 414 2
477 1032 0
48 863 0
129 810 0
71 806 2
698 751 0
42 1250 1
369 1269 2
868 1220 0
1114 1563 0
664 1135 0
6 868 0
238 851 0
591 674 1
182 467 1
440 850 1
406 1197 1
1316 1499 0
818 1645 0
408 1631 0
459 861 0
61 1304 0
821 940 0
174 727 0
551 1475 1
150 178 0
83 997 1
400 703 0
73 721 0
903 1498 1
507 1140 1
942 1614 1
1024 1594 0
812 1582 1
286 1436 0
843 976 0
1330 1524 1
509 1016 2
305 463 1
747 862 1
117 1545 1
643 748 0
442 1583 1
230 504 0
588 1265 1
794 1291 0
529 1586 0
199 813 1
127 1265 0
1185 1437 2
349 584 1
739 1344 1
46 206 1
783 1094 1
482 779 0
491 1301 0
635 1563 1
816 1277 0
523 1352 0
720 842 0
478 539 0
431 1134 1
155 1633 1
588 658 0
1082 1312 1
854 940 0
666 987 0
212 1486 0
78 449 2
677 1053 0
242 879 0
171 1340 1
854 1112 1
703 870 0
449 972 0
1515 1577 0
227 1425 0
385 929 1
1147 1559 1
935 1156 2
1159 1257 1
118 721 2
1267 1336 0
1193 1633 0
1030 1636 1
481 1532 1
888 1210 1
647 1034 1
225 606 0
830 1264 1
994 1438 0
801 1107 1
329 1634 1
1342 1455 1
81 1330 0
362 458 0
826 1257 1
1315 1497 1
419 863 0
25 1172 1
1462 1464 1
134 1112 0
288 841 0
377 1231 0
832 1457 0
204 945 0
914 1200 1
451 1483 1
737 1590 1
55 555 2
191 1045 1
1199 1484 0
135 1091 1
738 1203 1
127 422 1
305 1285 2
651 1576 1
97 1161 1
81 870 1
377 1474 1
109 527 0
980 1261 2
351 891 0
35 813 1
707 828 1
649 1383 1
155 1388 0
110 1347 0
225 636 1
226 688 1
913 1487 1
985 1323 0
68 403 1
1129 1492 1
646 1606 2
1120 1520 0
533 592 0
123 473 1
370 1517 0
1168 1602 0
278 370 0
104 608 1
15 1534 0
815 1231 0
822 1074 1
70 206 1
258 904 1
982 1396 0
714 1229 0
988 1117 1
414 903 1
732 1105 0
1163 1506 1
355 1173 0
378 1271 0
1204 1626 0
25 93 1
1032 1520 0
787 1200 0
588 991 1
265 1394 0
344 1250 0
465 713 1
163 694 1
242 951 0
98 996 1
1045 1166 1
674 1245 1
146 463 1
1239 1254 1
274 546 1
1053 1402 1
498 970 1
311 961 0
71 231 2
513 842 1
432 919 1
352 855 1
598 1153 2
568 1277 0
156 392 1
470 999 0
1211 1268 1
703 948 2
269 1134 1
19 252 0
995 1043 0
654 753 1
241 592 0
539 747 2
676 975 0
263 576 1
1103 1191 1
94 1472 0
1044 1154 1
887 1168 1
72 1112 1
1476 1593 1
411 461 1
883 1050 0
772 924 0
136 715 1
312 513 0
113 701 1
590 1356 2
129 439 1
1072 1473 1
46 1040 0
36 1589 0
624 1311 1
334 1321 1
1228 1349 1
1063 1394 1
565 1120 0
619 1425 1
64 504 0
900 1431 0
955 1140 0
559 1267 1
231 1065 1
949 1298 1
562 592 0
527 1438 1
547 703 0
1363 1496 1
1108 1111 0
554 1333 0
906 1109 0
1295 1582 0
1208 1362 0
771 1373 0
1196 1627 1
59 202 1
678 1335 1
142 1476 0
204 744 1
546 1100 1
670 749 0
968 1532 0
0 1560 0
168 1499 0
780 1169 2
262 406 1
555 661 0
118 687 0
285 1397 2
310 400 0
103 1103 0
3 1220 0
691 1213 1
562 1471 0
492 1329 0
1192 1358 0
148 746 2
615 1383 0
938 1406 1
325 1269 0
929 1335 0
603 1140 0
104 1633 0
553 1403 1
1371 1443 1
592 992 1
681 1530 1
495 934 0
1280 1319 1
307 427 1
830 1606 1
398 486 0
741 887 0
569 1533 2
232 763 1
773 1551 1
222 1420 1
231 1365 0
802 897 1
627 634 0
734 1338 1
380 876 1
455 1545 1
487 1423 1
581 1023 1
1069 1562 1
1377 1378 1
630 684 0
717 1484 0
660 1630 1
157 877 1
577 861 1
17 1545 1
258 1207 0
740 1314 0
261 1613 0
327 471 2
696 840 1
275 1316 1
719 1558 0
1083 1395 1
79 1528 1
683 1630 1
54 750 0
82 624 0
1185 1457 0
301 829 1
695 1497 1
774 1565 0
964 1231 1
182 1330 2
174 1634 1
63 1118 1
859 1403 0
207 988 0
262 1461 2
606 835 0
447 1301 0
182 1353 1
159 1555 1
185 821 0
9 1376 2
775 905 1
213 798 0
708 1590 0
1161 1211 0
220 1064 1
375 1528 0
1395 1647 0
911 1461 1
406 1597 1
294 1543 1
10 1584 1
391 1078 1
45 953 1
1129 1575 0
350 933 0
3 1540 0
855 1227 0
796 801 1
396 1645 0
620 1255 1
1239 1541 0
1142 1336 1
985 1288 1
1016 1218 0
186 335 0
29 564 1
471 847 0
1005 1309 1
543 1470 1
642 1052 1
147 1520 0
370 1161 1
458 1462 1
1333 1405 0
95 472 1
191 1479 0
512 1466 1
279 958 0
716 1074 2
320 852 1
920 1226 1
964 1392 0
1137 1449 1
593 1341 1
236 1559 0
638 1283 1
54 921 1
1169 1221 0
162 1310 1
1068 1160 0
667 955 1
354 825 0
328 703 1
186 917 2
1149 1479 1
165 946 1
651 853 0
1197 1490 1
529 1552 1
781 1458 0
186 823 0
908 1366 1
653 1258 1
132 803 1
185 697 1
373 1359 1
662 1182 1
500 619 0
1194 1571 1
131 288 1
1124 1188 0
157 1258 2
1035 1052 1
309 1609 1
55 341 2
247 1136 2
63 314 0
876 1247 0
29 662 1
65 1331 1
114 1028 1
758 828 1
638 1423 1
67 1181 0
373 1313 2
445 1291 0
41 1391 0
2 425 0
910 1027 2
356 1438 0
945 953 0
885 1556 2
156 1356 1
1122 1417 1
557 601 0
98 1419 0
370 1201 1
472 1442 1
152 1093 2
915 1320 1
371 710 0
744 962 0
265 862 1
1232 1385 1
600 902 0
521 1639 0
324 1192 2
169 1291 0
933 997 0
132 1509 0
23 1303 0
406 741 0
765 1415 1
845 966 1
89 150 0
1412 1588 1
201 490 1
758 1164 0
813 860 0
1129 1597 1
868 989 2
302 1243 1
109 730 2
399 588 0
1448 1529 2
552 1302 1
736 1259 0
427 599 1
621 1102 0
66 1298 2
711 760 1
1344 1407 1
9 734 0
965 1346 0
278 1521 1
591 602 1
666 1060 1
632 1211 1
103 451 0
1171 1383 1
717 830 0
86 579 1
882 1260 0
118 911 0
341 844 1
487 1068 0
130 1107 1
379 460 0
71 544 1
1200 1462 1
1348 1450 0
306 402 0
189 1063 2
502 864 0
36 167 0
432 654 1
129 1012 0
1128 1429 1
363 1635 0
155 418 1
1506 1632 0
601 1583 1
179 550 2
531 1188 0
254 1294 1
6 1038 0
1288 1535 1
53 836 1
786 866 1
45 649 0
83 1522 0
988 1440 0
564 667 0
890 1199 0
93 467 2
407 819 0
257 1547 1
416 1058 0
772 856 1
399 1454 0
81 345 1
197 617 0
41 1535 0
367 742 2
1 1392 1
1477 1556 0
180 482 1
345 991 1
0 1138 0
469 786 0
491 844 2
1149 1171 0
157 937 0
57 1496 2
332 1556 2
1146 1586 1
388 798 1
805 898 1
181 900 0
836 1373 0
262 1409 0
1376 1463 2
625 1079 0
785 1505 2
418 670 1
1257 1608 1
89 1177 0
367 1179 0
1173 1319 1
47 924 2
668 1442 0
393 1236 0
151 291 0
1583 1613 1
680 1403 0
736 1208 0
256 1459 0
349 830 1
249 579 1
492 1032 1
528 860 0
564 971 2
203 1254 1
841 1057 1
272 585 1
264 416 1
539 1419 1
88 1420 0
26 1140 2
37 533 0
784 1436 1
340 1580 1
813 1394 0
1056 1633 2
283 1486 0
285 426 1
434 1160 0
434 1082 0
193 312 1
218 450 0
117 1169 0
289 1468 1
568 1097 1
194 867 0
649 1094 1
844 1619 1
466 1356 1
515 799 0
259 1363 1
1326 1588 0
718 1089 0
217 1244 0
844 1293 0
185 339 0
369 1222 1
117 933 1
606 1458 0
565 777 0
508 511 1
977 1100 1
230 1274 0
984 1402 1
924 1006 1
377 730 1
483 1342 1
674 1597 1
703 1341 0
284 1333 1
878 1068 1
194 1290 1
889 1095 1
620 1209 1
996 1429 1
1220 1429 1
906 1348 1
386 1067 1
814 885 2
474 1410 0
1111 1248 2
404 805 1
801 1509 1
990 1556 1
424 1156 0
1151 1286 2
235 988 1
283 1239 1
754 1184 1
738 1470 0
272 822 0
127 1153 1
981 1345 1
225 1581 1
63 269 1
80 436 0
1006 1652 2
290 398 1
322 1468 0
498 1237 1
690 811 1
473 1166 1
200 541 1
872 1269 1
449 1076 1
836 1347 0
56 591 0
116 245 0
531 1553 1
677 1058 0
1064 1367 1
481 699 1
286 456 1
974 1538 1
537 1019 0
251 1244 2
278 533 1
975 1026 0
174 1435 0
285 1123 1
679 729 2
112 1407 1
20 1347 0
551 994 0
276 1205 0
808 1398 0
1103 1137 0
422 663 0
832 1009 0
85 1203 1
324 380 0
1136 1621 1
783 1319 1
312 471 1
580 1165 0
1530 1562 1
1013 1653 0
600 1431 0
127 1358 0
401 1307 1
750 1034 0
1211 1400 0
852 904 1
944 1280 1
383 615 1
312 610 0
732 1464 0
104 1374 0
295 1457 1
308 752 1
235 959 1
813 1567 1
1358 1584 0
348 496 2
835 1318 0
1319 1603 1
541 633 1
732 1402 0
116 791 1
69 1523 2
214 1557 0
860 1633 0
324 1203 0
339 706 0
1110 1156 2
986 1062 1
1315 1427 0
19 1399 1
96 1436 0
587 1573 1
675 1029 1
1113 1539 0
991 1041 1
889 1412 1
149 652 0
128 1306 1
748 971 1
1022 1614 2
1021 1389 1
480 1405 1
50 657 2
252 764 1
211 1452 1
413 1033 1
270 1391 1
731 1135 1
454 649 2
106 478 0
260 1124 0
280 1364 0
198 779 1
708 789 0
218 1638 0
777 1648 1
172 998 0
500 1221 0
967 1196 1
959 1381 1
839 1052 0
195 1471 0
143 701 0
41 473 2
831 1046 2
494 1585 1
1568 1576 1
324 778 0
527 1628 0
835 1291 1
690 1297 1
388 1407 1
1209 1234 1
348 729 1
52 508 2
223 533 0
1291 1608 1
1317 1468 1
1231 1314 0
1373 1500 1
329 1340 0
541 1468 0
592 1068 1
1563 1601 1
103 1319 0
247 1539 0
1233 1303 1
301 869 1
1017 1539 0
377 1563 1
80 183 2
547 1297 0
569 1073 2
427 1023 1
272 529 0
120 704 1
798 947 0
1055 1121 1
1007 1485 1
170 1340 2
863 1432 0
289 462 0
1197 1642 0
469 1322 1
319 1266 2
616 1060 0
294 1470 1
1045 1380 2
233 1617 0
1136 1235 0
618 1051 1
562 985 1
211 1280 0
499 1488 1
55 324 1
560 874 1
317 409 0
721 743 1
159 1628 0
696 855 0
732 1145 1
1159 1471 1
32 1401 2
491 633 0
441 1643 0
434 571 1
917 1254 0
1019 1636 1
90 259 0
1374 1564 0
545 665 0
1232 1567 1
545 1312 0
630 1205 1
1203 1235 1
149 1577 1
607 1119 1
539 697 0
476 1032 0
109 1068 0
57 638 1
466 963 1
3 396 0
401 937 1
760 928 0
949 1521 0
1004 1556 0
674 1011 1
168 895 1
87 136 0
78 1128 1
441 1645 1
57 647 1
358 753 1
1414 1514 1
920 1088 1
265 786 1
1129 1155 0
1421 1518 1
1193 1315 2
307 1005 1
315 1276 1
705 1111 1
1076 1630 1
259 657 1
233 1534 1
330 701 0
138 1280 2
717 1008 0
1075 1596 1
339 1062 1
608 871 1
152 1170 0
390 863 0
85 965 0
615 1169 2
249 555 0
1223 1384 0
599 1091 0
484 902 1
167 965 0
465 1615 1
990 1480 1
240 1329 0
477 650 0
902 1624 1
458 652 1
830 1130 1
584 633 1
218 348 1
898 1212 0
240 1088 1
608 707 0
462 948 0
493 1258 1
408 916 2
690 1320 1
93 563 0
695 1189 0
218 1657 1
511 693 0
970 1497 0
171 1052 2
659 1213 1
84 625 1
74 1213 0
1459 1624 0
5 1142 0
487 582 0
1244 1405 1
298 1308 2
332 725 1
931 1002 0
178 1308 1
631 1061 0
1050 1585 0
1174 1605 1
658 832 1
491 519 1
778 910 1
365 1189 0
1336 1513 0
1409 1464 0
12 1334 0
96 1061 1
25 1314 0
1312 1529 1
407 1344 1
44 173 0
582 1205 1
112 744 1
162 1281 0
187 1311 1
796 1176 0
375 777 0
197 1200 0
79 293 0
462 1617 1
148 636 1
1160 1412 0
855 982 0
793 960 1
289 334 1
418 1616 0
983 1511 0
428 821 1
445 1359 1
1092 1261 1
399 1121 1
696 1577 2
197 1151 0
468 982 1
596 854 0
736 1001 1
649 723 1
791 948 1
1134 1506 1
13 1628 0
560 664 0
452 671 1
105 467 1
143 1290 0
744 1135 1
563 991 2
264 880 2
891 1631 0
286 1264 1
776 1107 0
318 1216 1
1441 1476 1
53 1031 1
745 1393 0
1123 1305 1
451 637 0
122 1519 0
1257 1458 1
880 1506 0
594 848 1
792 1214 1
1278 1563 1
223 1524 0
95 1012 0
164 1292 0
366 1100 1
757 1004 2
300 1382 1
664 997 0
1232 1287 0
585 671 0
543 1492 1
1060 1586 0
540 1160 0
95 687 0
600 1155 0
571 1225 0
196 202 0
980 1184 1
720 792 0
585 687 1
464 1580 1
959 1140 0
78 1366 2
885 1302 0
328 768 0
320 523 0
73 1187 0
550 1542 1
136 1523 1
149 1511 2
108 1126 1
603 1029 1
1468 1490 1
1272 1597 2
330 1619 1
575 1375 0
274 1133 2
321 912 0
835 1170 1
204 435 0
1436 1525 1
325 1108 1
237 971 1
429 929 1
958 1335 1
557 580 2
529 933 0
116 949 1
156 1061 2
44 1414 1
186 594 1
22 1510 2
1385 1571 1
197 1568 0
369 694 0
446 1632 0
174 1063 0
659 1189 0
987 1134 0
217 388 1
419 1575 2
311 601 0
148 333 0
684 1587 0
1076 1310 1
879 1579 1
44 375 0
224 471 1
769 1222 1
1353 1571 2
548 1535 2
930 1462 0
424 1475 1
465 650 2
12 1341 1
244 1150 2
305 883 0
159 265 1
905 1604 1
221 1142 1
399 411 0
327 708 1
225 1298 0
719 1331 1
130 1587 1
252 1094 0
269 1543 0
447 1141 1
815 1164 1
555 1621 1
381 627 1
1017 1188 1
742 886 1
220 452 2
638 720 1
150 298 0
73 1202 0
565 1454 0
10 171 0
1431 1555 0
193 1053 1
287 1431 1
479 904 1
34 486 0
115 580 1
656 1065 0
45 1098 0
641 922 0
163 979 1
251 526 1
205 1158 0
304 643 1
174 699 0
306 927 1
746 765 0
262 475 1
360 852 0
191 1012 0
58 1374 1
330 1427 1
720 1149 1
645 1073 1
1078 1614 1
539 1437 0
109 1275 0
333 1218 1
766 924 0
54 950 0
1064 1305 1
985 1247 0
26 529 1
1113 1127 2
710 1125 1
1251 1420 0
775 1573 0
1150 1588 1
409 1050 0
418 1515 0
283 666 0
20 1381 1
731 1177 1
7 1654 0
1122 1342 1
267 817 1
927 1114 1
614 717 1
1070 1392 1
151 1233 0
22 59 0
925 1115 1
740 1375 1
333 499 1
292 1551 2
152 258 0
11 853 0
913 1483 0
203 1005 1
983 1634 2
719 826 0
85 782 1
743 1215 0
882 1093 1
720 1445 2
497 845 0
728 1651 0
331 833 0
716 817 1
157 233 1
520 1388 1
1020 1411 0
639 985 0
73 1305 1
278 388 1
1194 1341 1
621 1196 0
508 1358 0
877 1349 2
472 853 0
21 1085 0
1349 1604 0
560 730 1
436 1215 0
892 1088 1
469 728 1
753 883 1
844 1352 0
847 1654 1
21 1389 1
615 1568 1
769 848 0
72 208 0
274 552 2
830 846 1
1329 1426 1
564 986 0
516 1280 0
594 1097 1
442 1099 1
133 801 1
316 1605 0
940 1192 1
47 106 0
210 261 1
775 1047 0
628 861 0
609 1142 0
854 1469 1
315 947 0
957 1283 1
853 1278 0
234 638 0
1357 1516 1
138 1353 0
1030 1593 1
1287 1431 0
1108 1476 0
30 1548 0
171 237 0
1569 1615 0
412 598 1
236 1135 0
650 1476 0
479 1564 1
40 850 2
170 1192 1
114 479 1
29 382 0
303 620 0
20 714 0
685 1117 1
127 178 0
632 967 1
718 934 0
813 1645 1
445 1196 1
41 1334 1
862 1601 1
660 1627 1
811 1609 0
586 882 0
382 1526 0
179 197 1
1405 1471 2
574 1395 1
576 1198 2
1185 1316 0
374 1152 0
446 1613 0
1490 1590 2
1199 1341 1
113 1493 1
23 407 0
313 531 0
758 1651 0
246 1029 2
1057 1199 0
690 1578 1
853 1533 0
786 1595 0
29 63 0
1189 1368 1
240 845 0
1122 1184 1
1002 1132 0
627 762 1
270 824 1
1290 1502 1
484 958 0
630 1203 1
1331 1364 1
761 1570 1
71 563 1
23 971 0
71 402 0
500 865 1
1378 1573 1
200 1223 0
644 1597 2
536 1635 1
322 610 1
1490 1617 1
955 1624 1
1248 1588 0
761 1231 1
833 1584 1
293 1408 0
287 1583 0
128 1502 1
988 1356 1
383 677 0
483 892 0
981 998 1
29 1069 1
573 1239 1
193 944 1
1093 1205 2
585 932 2
687 982 1
436 764 1
359 476 1
1153 1235 0
505 1089 0
182 515 0
890 1010 1
554 645 0
1534 1578 0
476 1580 1
1007 1312 0
142 1468 1
235 1410 0
1293 1497 1
1224 1314 1
671 940 1
235 257 0
446 523 1
11 357 0
23 563 0
1133 1573 0
201 1051 0
603 1118 1
99 1064 0
1010 1594 0
439 1172 1
1104 1390 1
201 1422 0
0 181 0
204 279 1
1215 1266 1
267 1016 1
780 1410 1
1385 1600 0
168 1321 0
1283 1585 0
308 1204 0
881 1508 2
152 1568 1
327 444 1
516 857 0
360 1567 1
267 438 0
394 900 1
81 1459 0
34 1258 1
77 1000 0
638 657 1
798 1234 1
228 1379 1
330 520 1
1064 1371 0
621 890 1
1348 1652 1
230 1613 0
813 1018 0
1186 1528 0
1361 1445 0
527 1479 0
54 972 0
89 106 1
463 1413 0
998 1404 0
1531 1646 1
389 1518 1
923 1441 1
1102 1602 1
680 1039 0
592 863 0
1214 1654 1
488 1160 1
1109 1633 0
1152 1194 1
323 1599 0
44 1379 0
69 584 0
810 899 0
933 1278 1
201 1548 0
600 932 0
1230 1240 1
91 372 0
962 1223 1
1163 1240 1
926 1380 0
579 937 0
369 810 0
607 968 0
532 1623 1
2 1590 0
753 869 0
132 400 0
259 1209 1
593 1224 0
20 739 0
690 803 1
1280 1538 0
641 1498 1
283 1139 0
157 249 1
800 1316 2
903 1602 0
472 866 2
1391 1538 1
319 406 1
132 327 1
55 1388 0
736 1354 1
953 1659 1
314 706 2
670 922 1
558 1077 1
466 1395 1
349 670 1
391 1658 0
746 1218 1
902 1213 1
1020 1456 0
667 1439 0
835 988 1
166 603 1
974 1163 0
368 1544 2
101 1448 0
648 1495 0
1084 1587 2
660 1185 1
1048 1239 0
361 1012 2
1515 1645 2
180 1173 0
707 712 1
746 1522 1
523 834 0
442 530 1
1317 1659 0
395 1142 1
873 1373 0
361 956 0
1156 1207 1
1366 1495 0
952 1222 2
72 1223 1
685 1278 0
1356 1393 1
673 1432 1
1061 1235 0
1463 1546 0
873 894 1
906 1607 1
555 1318 1
1045 1469 0
194 604 0
942 1465 0
283 748 1
509 1607 0
1096 1182 0
964 1141 1
724 952 0
421 1007 1
623 1135 1
901 1368 1
7 813 1
1054 1101 0
1238 1365 1
149 1592 0
993 1154 1
734 1133 0
690 1148 1
917 1042 0
108 854 1
822 1594 1
410 574 1
733 1462 0
466 1350 2
34 66 1
564 1211 1
1175 1616 0
559 707 2
321 1220 0
228 1183 1
1079 1627 1
186 700 0
1178 1345 1
576 715 1
343 1437 1
15 928 1
412 530 0
332 1256 1
307 1215 1
159 800 1
643 1275 1
2 67 0
706 760 1
1051 1304 0
221 1363 0
407 744 1
1016 1638 1
167 698 0
383 863 0
578 992 1
1203 1394 0
381 414 0
87 777 0
137 1243 0
1063 1647 1
630 1655 0
192 400 0
913 1335 1
686 1434 1
816 1122 0
703 915 2
1220 1329 0
568 611 1
85 1079 1
618 1330 2
520 1130 0
470 1650 0
1156 1513 0
3 206 0
1146 1408 1
305 793 0
416 933 0
596 1460 1
324 1632 0
532 1617 0
363 1424 2
676 1413 0
912 1325 1
368 1108 0
641 681 1
472 1537 0
731 1565 0
684 989 0
10 829 1
273 397 1
243 1240 1
99 580 0
83 117 2
31 819 0
259 1509 1
169 894 1
970 1574 1
481 1261 2
638 989 0
53 1577 1
940 1026 2
485 1511 0
718 974 1
1157 1209 1
719 770 1
1338 1569 0
1372 1626 0
940 1551 1
616 1016 0
336 768 0
575 628 2
502 564 0
29 378 0
615 719 0
509 1006 0
615 879 2
169 784 0
230 901 0
264 1472 0
404 803 2
157 864 0
622 942 0
688 1658 1
428 1637 1
501 965 0
1613 1628 0
130 1110 0
67 118 1
571 1270 0
1046 1362 1
109 1409 1
313 1619 1
963 1121 1
413 704 0
283 1428 0
900 1572 1
257 725 1
259 1293 2
474 1523 1
188 1005 0
1462 1524 0
757 848 1
1086 1197 0
1197 1458 1
123 148 1
923 1605 0
485 756 2
878 1625 2
1295 1407 1
478 1474 0
160 1091 2
260 1124 0
1401 1635 0
1296 1381 0
109 1360 1
227 1207 1
222 1153 1
678 1361 0
30 382 0
43 1313 0
150 1009 1
842 927 1
535 1260 0
975 1117 0
212 945 1
701 1520 0
453 1181 0
782 848 1
879 1572 1
306 1561 1
757 995 1
2 613 1
864 1233 0
412 1034 1
114 1649 0
1578 1594 0
596 1030 1
611 1273 0
982 1003 1
348 1251 1
190 871 1
254 708 0
123 888 1
82 960 1
104 604 1
518 1055 0
297 372 1
707 1119 2
326 524 1
560 915 0
402 471 0
70 1580 1
606 1236 0
699 1184 0
82 1071 0
564 932 2
985 1004 1
301 1491 1
529 1059 0
913 1415 1
438 1405 1
548 1338 1
844 1072 0
262 1458 0
961 1050 1
493 1164 0
449 596 0
1175 1508 0
659 1429 0
912 1065 1
69 408 1
223 1087 0
52 1218 1
1221 1586 0
294 700 0
220 561 0
562 1036 0
408 576 0
337 1386 1
334 594 2
780 1658 1
578 1497 0
107 1325 1
410 472 0
429 1641 0
685 1328 0
168 629 1
1524 1563 0
90 926 0
187 778 1
807 1009 0
257 640 0
336 1334 1
197 1234 1
1273 1623 1
1510 1537 0
855 1172 0
749 1031 1
579 641 0
659 1509 1
144 1592 1
373 1163 0
360 1476 1
378 895 1
456 1245 2
83 1231 2
986 1168 2
106 402 1
1234 1442 1
268 352 1
46 1375 1
998 1428 1
754 1154 2
58 788 1
145 1489 1
680 1169 1
1143 1292 0
96 363 0
618 1155 1
292 636 0
1044 1450 1
783 812 0
635 1590 2
963 1659 1
711 1252 1
96 826 1
221 1104 0
1164 1170 1
4 692 1
497 826 0
28 300 1
1313 1494 1
1124 1607 0
34 935 1
1287 1616 0
845 1295 0
635 1393 1
799 1653 0
789 986 0
18 248 0
20 846 1
584 948 0
442 1155 0
585 1408 0
1126 1271 0
954 1176 1
412 598 1
409 419 0
419 524 2
1011 1160 0
272 1004 2
652 810 0
732 996 0
953 1390 1
906 1283 2
478 1593 0
420 794 1
132 873 1
842 1218 2
163 846 0
182 756 1
241 1123 0
133 193 0
927 1595 0
270 822 1
234 1209 0
1283 1310 0
15 1032 1
1291 1421 1
98 530 0
13 1176 1
219 720 0
578 1041 1
526 1434 2
76 112 2
348 735 1
1144 1636 0
1533 1623 1
275 1089 0
135 528 0
1006 1618 1
1284 1520 1
1449 1517 1
100 915 1
811 965 1
45 380 1
1066 1592 1
48 912 0
78 1525 0
298 1268 1
98 123 0
870 1531 0
175 642 1
54 1343 1
981 1621 0
856 1096 1
671 1119 1
783 1444 0
160 1307 0
514 1462 0
273 491 1
600 629 1
808 993 1
472 819 1
483 1038 2
191 336 0
409 643 0
415 936 1
209 1250 1
250 973 1
868 1342 1
477 716 1
512 1390 0
491 727 2
159 1274 0
170 1043 1
1069 1525 1
104 147 0
382 1207 1
1342 1600 0
227 580 0
26 206 2
1179 1453 1
116 524 0
709 1408 0
117 1557 2
213 410 0
284 1345 1
630 1255 0
462 524 1
1040 1099 1
524 1642 0
624 962 1
131 1090 1
321 863 0
941 1061 0
400 639 0
387 1358 0
128 1167 0
1236 1332 1
980 1039 2
928 1063 2
660 909 0
789 1443 0
1099 1532 0
1274 1613 1
190 1211 0
701 977 1
1057 1555 0
38 1444 0
286 1125 0
214 1521 1
814 1154 0
412 1310 1
50 850 2
1138 1430 0
229 1426 0
639 776 1
1394 1602 2
1126 1568 1
759 765 0
60 77 1
353 401 1
161 1473 0
688 973 1
820 1501 0
234 1384 1
741 1654 1
399 776 0
682 1316 0
477 1287 0
381 1008 1
568 1146 1
1261 1557 0
475 848 0
209 1217 0
977 1443 1
1 1176 2
151 157 0
1287 1299 1
769 1424 0
219 1600 0
435 874 2
94 1375 1
291 294 2
860 1238 2
778 1440 2
401 1274 2
931 1468 1
634 1383 1
14 372 1
1056 1495 0
86 551 2
729 1483 1
498 560 0
15 1240 1
724 1341 0
0 212 1
645 787 0
23 1491 1
157 1028 1
492 1067 1
447 785 1
1337 1521 1
398 605 1
371 878 1
1210 1271 2
948 1236 0
1010 1049 1
790 1615 1
396 1162 1
125 1531 0
1126 1146 0
835 1466 1
772 1128 1
714 1363 1
699 1509 1
1193 1426 2
149 1351 1
1270 1424 0
334 1299 0
804 1578 0
452 616 1
210 503 1
429 1205 1
361 1530 2
152 1225 1
224 984 0
1487 1510 1
1008 1434 0
935 1367 0
1081 1420 1
10 741 1
512 530 0
1144 1536 1
53 1192 0
1217 1531 1
481 956 0
200 885 0
832 1378 0
1283 1566 2
507 1641 1
438 1175 1
571 680 1
871 924 0
101 790 1
665 1363 0
484 1342 1
478 768 1
1217 1281 1
230 1423 1
226 1006 1
536 645 0
142 1097 1
1303 1386 0
494 1613 1
32 239 0
525 1430 1
727 1149 0
558 668 1
961 1250 0
655 1263 0
806 913 0
71 982 0
251 1417 1
346 1575 0
88 1225 0
1115 1178 0
9 775 0
87 168 1
297 1270 0
158 484 0
58 1599 2
287 1489 1
58 644 1
261 684 1
225 1289 1
1279 1653 1
211 314 1
238 1576 1
111 347 1
52 1379 2
949 1240 1
411 567 0
710 909 1
767 907 1
88 833 1
668 1360 1
275 1411 1
84 334 0
319 533 1
1110 1564 0
195 1429 2
119 1470 0
783 1150 0
1414 1575 0
998 1431 0
265 1394 1
20 1423 0
726 1452 0
874 1562 0
1139 1235 1
498 1319 0
881 1487 0
351 778 1
303 617 1
262 992 2
460 1343 0
535 1373 0
32 553 0
370 826 0
176 1656 1
184 1263 1
475 962 1
739 980 0
375 779 1
1348 1419 0
626 1294 0
726 1418 0
144 274 0
181 1191 1
334 1470 0
629 1382 0
581 586 0
868 1552 1
1048 1389 0
62 1097 0
